0.0002560313,5.482785E-08,4.972843E-08,5.258709E-08,5.798476E-08,6.50333E-08,7.508848E-08,9.850415E-08
0.0002560313,5.482785E-08,4.972843E-08,5.258709E-08,5.798476E-08,6.50333E-08,7.508848E-08,9.850415E-08
0.04005958,0.2304217,0.7963603,1,1,1,0.3358583,0.02041419
1,0.6063702,0.7763603,0.988313,0.9901576,0.9868131,0.3158583,0.0004141927
0.9939299,0.5863702,0.7533603,0.974873,0.9788388,0.9716481,0.2928583,0.004826305
0.9869493,0.5633702,0.7269104,0.9594169,0.9658222,0.9542083,0.2664083,0.004826305
0.9789217,0.5369202,0.6964929,0.9416425,0.9508532,0.9341527,0.2359908,-0.01517369
0.9696898,0.5065027,0.6615127,0.9212018,0.9336387,0.9110887,0.2010107,0.004445366
0.9590732,0.4715226,0.6212856,0.8976951,0.9138421,0.8845651,0.1607835,0.004445366
0.9468641,0.4312955,0.5750244,0.8706624,0.891076,0.8540629,0.1145223,-0.01555463
0.9328236,0.3850343,0.5218241,0.8395748,0.864895,0.8189853,0.06132196,0.003892562
0.916677,0.3318339,0.4606436,0.803824,0.8347869,0.7786462,0.07866848,-0.01610744
0.8981085,0.2706535,0.3902861,0.7627107,0.8001626,0.7322562,0.05866848,0.003511534
0.8767546,0.200296,0.309375,0.7154303,0.7603445,0.6789077,0.07732172,0.003511534
0.8521978,0.1193848,0.2163272,0.6610579,0.7145538,0.6175569,0.05732172,-0.01648847
0.8239573,0.02633704,0.1093222,0.5985295,0.6618945,0.5470036,0.07594751,0.003416452
0.7914809,0.05748973,-0.01373346,0.526622,0.6013362,0.4658672,0.05594751,-0.01658355
0.7541329,0.03748973,0.03230075,0.4439283,0.5316943,0.3725603,0.03294751,0.002830308
0.7111828,0.04844141,0.04672468,0.3488306,0.451606,0.2652574,0.006497514,-0.01716969
0.6617901,0.02844141,0.02672468,0.2394682,0.3595046,0.1418591,0.05917627,0.003009796
0.6049885,0.03488365,0.003724679,0.1137015,0.2535878,-4.895815E-05,0.05917627,0.003009796
0.5396667,0.05346693,0.0273655,-0.03093029,0.1317836,0.1120296,0.03917627,0.003630484
0.4645467,0.05813866,0.03892806,0.02541355,-0.008291185,0.09884268,0.01617628,-0.01636952
0.3781586,0.03813867,0.01892806,0.04363259,0.05394959,0.1056438,0.04771115,0.002769374
0.2788123,0.05509414,0.02421113,0.0319456,0.04410718,0.09245689,0.02771115,-0.01723063
0.1645641,0.08758277,0.0323892,0.03574063,0.091011,0.1644232,0.08116532,0.003360496
0.03317863,0.06758277,0.04322134,0.04723731,0.0951331,0.1512363,0.06116532,0.003508505
0.2150362,0.1245689,0.02322134,0.08787956,0.2272788,0.4882748,0.2329665,0.007885857
0.2089661,0.1045689,0.0002213456,0.07619257,0.2174364,0.4750879,0.2129665,-0.01211414
0.2143846,0.1195646,0.02306305,0.06275254,0.2061176,0.4599229,0.1899665,0.003035689
0.2083145,0.09956457,0.003063047,0.04729649,0.193101,0.4424832,0.1635165,0.005212582
0.2013339,0.07656457,0.02173717,0.02952204,0.1781319,0.4224275,0.133099,0.005212582
0.1933062,0.05011457,0.03847748,0.08763169,0.2436245,0.4885163,0.198543,0.006981106
0.1840744,0.01969707,0.01847748,0.07594471,0.2337821,0.4753294,0.178543,0.02881841
0.1734577,0.04055109,0.03697488,0.06250466,0.2224633,0.4601644,0.155543,0.02881841
0.1612486,0.02055109,0.01697488,0.04704862,0.2094467,0.4427247,0.129093,0.008818407
0.1472082,0.08819169,0.06273574,0.02927417,0.1944776,0.422669,0.09867553,-0.01418159
0.1310616,0.06819169,0.04273574,0.008833558,0.1772632,0.399605,0.06369541,0.001946089
0.1124931,0.0694871,0.01973575,0.03778147,0.1574666,0.3730813,0.02346827,0.003629164
0.09113925,0.0694871,0.03254721,0.03778147,0.1347006,0.3425792,0.03549437,0.003629164
0.06658237,0.0494871,0.01254721,0.02609448,0.1085196,0.3075016,0.01549437,-0.01637083
0.03834195,0.0264871,0.02334079,0.02916533,0.07841141,0.2671625,0.01799703,0.002336903
0.005865468,0.03219589,0.02334079,0.02916533,0.04378704,0.2207725,0.01799703,0.002336903
0.04276359,0.01219589,0.003340788,0.01747833,0.06049979,0.167424,0.03016366,0.002980909
0.0366935,0.04074391,0.02586302,0.004038295,0.05065738,0.1060732,0.01016366,-0.01701909
0.0297129,0.02074391,0.005863022,0.03010627,0.03933861,0.03551983,0.0227384,0.002420722
0.02168521,0.02228372,0.01317623,0.03172574,0.07573086,0.1457792,0.04707241,0.002554675
0.01245336,0.02228372,0.01317623,0.03172574,0.07573086,0.1457792,0.04707241,0.002554675
0.05561315,0.04200294,0.02244826,0.02003875,0.06588845,0.1325923,0.02707241,0.008306113
0.05561315,0.04200294,0.02244826,0.02539401,0.05456968,0.1174273,0.04454188,0.008306113
0.1081816,0.0982657,0.02265879,0.0303233,0.0415531,0.09998755,0.02454188,-0.01169389
0.1214365,0.0782657,0.02337334,0.03860042,0.07443818,0.07993187,0.02768441,0.002511141
0.2283008,0.1068055,0.00337334,0.02691343,0.06459577,0.05686784,0.007684413,-0.01748886
0.2222308,0.08680546,0.01401068,0.02756653,0.053277,0.06527222,0.02988566,0.002364673
0.2152502,0.08835912,0.01401068,0.02756653,0.04026042,0.06527222,0.02988566,0.002364673
0.2780038,0.1141665,0.02375815,0.01587954,0.04413455,0.09271413,0.03048189,0.002749425
0.2719337,0.09416649,0.003758151,0.02504556,0.03429214,0.07952719,0.01048189,-0.01725058
0.2649531,0.07116649,0.02716162,0.03753263,0.0437327,0.06436221,0.02319749,0.002248595
0.2569254,0.09540376,0.007161621,0.02584564,0.03389029,0.04692249,0.003197487,-0.01775141
0.2476935,0.07540376,0.02567836,0.0124056,0.02257152,0.02686681,0.01638035,0.001713825
0.336341,0.1435223,0.02942273,0.03010001,0.04060268,0.06217068,0.02281313,0.002020379
0.336341,0.1435223,0.02942273,0.03010001,0.04060268,0.06217068,0.02281313,0.002020379
0.3302709,0.1235223,0.009422733,0.01841302,0.04881259,0.08065836,0.03203811,0.002454112
0.3232903,0.1005223,0.02582505,0.02201889,0.04881259,0.08065836,0.03203811,0.002454112
0.3882448,0.1515169,0.005825054,0.0103319,0.03897018,0.06747142,0.01203812,-0.01754589
0.3821747,0.1315169,0.01478327,0.0135818,0.02765141,0.06862564,0.03008888,0.002378232
0.3751941,0.1085169,0.0310572,0.04593788,0.0512453,0.07395044,0.01008888,-0.01762177
0.3671664,0.08206691,0.0110572,0.03425089,0.04140289,0.0607635,0.03124333,0.002283248
0.3579346,0.05164941,0.01534454,0.02081085,0.03008412,0.06672762,0.03124333,0.002283248
0.347318,0.09047019,0.02838246,0.03543148,0.06717394,0.1152712,0.05276555,0.003359018
0.3351088,0.09783398,0.008382458,0.02374449,0.05733152,0.1020842,0.03276555,-0.01664098
0.3210684,0.07783398,0.025014,0.02820906,0.04601276,0.08691925,0.009765554,0.004150136
0.3049218,0.0788086,0.005014004,0.04449327,0.07585277,0.1110474,0.06746783,0.004516312
0.2863533,0.0588086,0.04785888,0.06611321,0.1309917,0.3080018,0.1097622,0.006167755
0.2649995,0.06658396,0.02785888,0.05442622,0.1211493,0.2948149,0.08976217,-0.01383224
0.2404426,0.07093588,0.02912377,0.04098618,0.1098306,0.2796499,0.06676216,0.003647825
0.2122022,0.07093588,0.02912377,0.02553013,0.09681396,0.2622101,0.04031217,0.003647825
0.1797257,0.05093588,0.009123772,0.02654548,0.08184489,0.2421544,0.009894671,0.003844565
0.1423778,0.07030763,0.02091876,0.01485849,0.06463046,0.2190904,0.03906602,-0.01615543
0.09942763,0.07030763,0.02091876,0.01946019,0.04483387,0.1925668,0.03906602,0.003412793
0.1069561,0.08376834,0.0009187609,0.02866038,0.04980187,0.1620646,0.01906602,0.003412946
0.1099933,0.3950576,0.9196681,0.9230325,0.7503566,1,1,0.1668263
0.1386317,1,1,1,1,1,1,1
0.1386317,1,1,1,1,1,1,1
1,0.9985023,0.9933385,0.9902847,0.9920954,0.9971938,0.9973218,0.9955098
0.9966726,0.99678,0.9856778,0.979112,0.983005,0.9939668,0.994242,0.9903461
0.9928461,0.9947993,0.976868,0.9662634,0.9725512,0.9902555,0.9907001,0.9844077
0.9884456,0.9925215,0.9667367,0.9514876,0.9605293,0.9859877,0.986627,0.9775786
0.9833851,0.989902,0.9550857,0.9344954,0.946704,0.9810797,0.9819428,0.9697252
0.9775654,0.9868897,0.941687,0.9149543,0.930805,0.9754355,0.9765561,0.9606938
0.9708729,0.9834254,0.9262785,0.8924821,0.912521,0.9689446,0.9703614,0.9503076
0.9631764,0.9794416,0.9085588,0.8666391,0.8914945,0.9614801,0.9632375,0.9383636
0.9543255,0.9748601,0.8881811,0.8369196,0.867314,0.9528959,0.9550449,0.9246278
0.9441469,0.9695915,0.8647467,0.8027422,0.8395065,0.9430242,0.9456235,0.9088318
0.9324415,0.9635326,0.8377973,0.7634382,0.8075278,0.9316717,0.9347888,0.8906664
0.9189804,0.9565647,0.8068054,0.7182387,0.7707524,0.9186162,0.922329,0.8697761
0.9035,0.9485517,0.7711647,0.6662591,0.7284606,0.9036025,0.9080002,0.8457523
0.8856976,0.9393368,0.7301779,0.6064826,0.6798251,0.8863366,0.891522,0.8181249
0.8652248,0.9287396,0.6830431,0.5377396,0.6238942,0.866481,0.8725722,0.7863534
0.8416812,0.9165529,0.6288381,0.4586852,0.5595737,0.8436469,0.8507798,0.7498162
0.814606,0.9025382,0.5665023,0.3677727,0.4856051,0.8173878,0.8257187,0.7077984
0.7834694,0.8864212,0.4948161,0.4228732,0.4005412,0.7871898,0.7968983,0.6594779
0.7476625,0.8678867,0.412377,0.4228732,0.3027178,0.7524621,0.7637549,0.6039094
0.7064844,0.8465719,0.813383,0.4131579,0.1902209,0.7125253,0.72564,0.5400056
0.6591297,0.82206,1,0.4019852,0.4421185,0.6665979,0.6818079,0.4665162
0.6046718,0.7938713,1,0.3891367,0.4421185,0.6137815,0.6314009,0.3820034
0.5420452,0.7614543,0.9936829,0.5656554,0.6925652,0.5530425,0.6935992,0.2848138
0.4700246,0.7241747,1,1,1,0.6744764,0.690921,0.1730456
0.7249237,0.8506819,0.9978281,0.9968222,0.9969608,0.6716703,0.6878412,0.04451226
1,0.8491842,0.9953306,0.9931679,0.9934657,0.6684432,0.6842993,0.07809672
0.9976795,0.8474618,0.9924583,0.9889653,0.9894463,0.664732,0.6802261,0.09288166
0.9950111,0.8454812,0.9891553,0.9841323,0.9848239,0.6604642,0.675542,0.08839143
0.9919423,0.8432034,0.9853568,0.9785744,0.9795083,0.6555561,0.6701553,0.08322767
0.9884133,0.8405839,0.9809886,0.9721829,0.9733953,0.6499119,0.6639606,0.07728935
0.9843549,0.8375716,0.9759651,0.9648325,0.9663654,0.6434211,0.6568366,0.07046028
0.9796877,0.8341073,0.970188,1,1,1,1,1
0.9743205,0.8301234,0.9635444,1,1,1,1,1
0.9681481,0.825542,0.9559043,0.9970912,0.9978492,0.9987075,0.9989902,0.9975501
0.9610499,0.8202733,0.9471182,0.9937462,0.9953758,0.9972211,0.9978288,0.9947329
0.952887,0.8142144,0.937014,0.9898993,0.9925314,0.9955118,0.9964934,0.991493
0.9434997,0.8072466,0.9253943,0.9854754,0.9892604,0.993546,0.9949576,0.9877672
0.9327042,0.7992336,0.9120317,0.9803879,0.9854987,0.9912854,0.9931914,0.9834825
0.9202893,0.7900187,0.8966646,0.9745373,0.9811727,0.9886857,0.9911602,0.9785551
0.9060124,0.7794215,0.8789925,0.967809,0.9761979,0.9856961,0.9888244,0.9728885
0.8895938,0.7672348,0.8586696,0.9600716,0.9704767,0.982258,0.9861383,0.966372
0.8707124,0.75322,0.8352982,0.9511735,0.9638975,0.9783042,0.9830493,0.958878
0.8489988,0.737103,0.8084211,0.9409409,0.9563314,0.9737574,0.9794969,0.9502599
0.8240282,0.7185685,0.7775124,0.9291732,0.9476304,0.9685285,0.9754116,0.940349
0.795312,0.6972538,0.7419674,0.9156404,0.9376241,0.9625152,0.9707135,0.9289516
0.7622884,0.6727419,0.7010908,0.9000776,0.9261169,0.9556,0.9653108,0.9158446
0.7243112,0.6445532,0.6540825,0.8821805,0.9128837,0.9476475,0.9590976,0.9007714
0.6806375,0.6121362,0.600023,0.8615988,0.8976655,0.9385021,0.9519524,0.8834373
0.6304127,0.5748566,0.5378547,0.8379299,0.8801646,0.927985,0.9437355,0.8635032
0.5726542,0.5319851,0.466361,0.8107105,0.8600385,0.9158902,0.934286,0.8405788
0.5062318,0.4826829,0.5137009,0.7794083,0.8368934,0.9019812,0.9234191,0.8142158
0.4298462,0.4259854,0.5137009,0.7434108,0.8102767,0.8859859,0.9109222,0.7838984
0.3420027,0.3607832,0.5115291,0.7020136,0.7796674,0.8675912,0.8965507,0.7490333
0.2409827,0.2858008,0.5090315,0.6544069,0.7444667,0.8464374,0.8800236,0.7089385
0.1248097,0.1995709,0.5061593,0.5996591,0.7039859,0.8221104,0.8610173,0.6628295
-0.008789242,0.1004066,0.5028563,0.5366992,0.657433,0.7941345,0.8391601,0.6098042
0.01633393,-0.0136324,0.4990577,0.4642953,0.6038972,0.7619622,0.8140243,0.548825
0.01633393,0.01014658,0.4946894,0.3810308,0.542331,0.724964,0.7851182,0.4786989
0.01401351,0.01391066,0.4896659,0.2852766,0.4715299,0.6824161,0.7518762,0.398054
0.01134503,0.01391066,0.4838889,0.1751593,0.3901086,0.633486,0.7136478,0.3053123
0.03908316,0.01241298,0.4772452,0.3510736,0.2964741,0.5772163,0.6696852,0.1986593
0.04374635,0.01069064,0.4696051,0.3481648,0.1887944,0.5125063,0.6191282,0.07600845
0.04142593,0.01906171,0.4608189,0.3448197,0.06496277,0.4380897,0.5609876,-0.06504007
0.05167602,0.03359447,0.4507149,0.3409728,0.154058,0.3525107,0.494126,0.01829816
0.05167602,0.03359447,0.4390951,0.336549,0.154058,0.2540947,0.4172351,0.01829816
0.0493556,0.0726276,0.7400058,0.9616098,1,0.3666612,0.3288106,0.1108872
0.5273988,0.8290855,0.737834,0.958701,0.9979203,0.3886515,0.3544622,0.471196
1,0.8275878,0.7353364,0.9553559,0.9955288,0.387359,0.3534524,0.4687462
0.9977867,0.8258654,0.7324642,0.951509,0.9927784,0.3858726,0.3522911,0.4659289
0.9952415,0.8238847,0.7291611,0.9470851,0.9896155,0.3841632,0.3509556,0.462689
0.9923144,0.8216069,0.7253627,0.9419976,0.9859782,0.3821975,0.3494198,0.4589632
0.9889483,0.8189875,0.7209944,0.936147,0.9817953,0.3799369,0.3476536,0.4546785
0.9850774,0.8159751,0.7159708,0.9294188,0.976985,0.3773372,0.3456225,0.449751
0.9806257,0.812511,0.7101938,0.9216814,0.9714531,0.3743476,0.3432868,0.4440845
0.9755064,0.8085271,0.7035502,0.9127833,0.9650914,0.3709095,0.3406006,0.4375679
0.969619,0.8039456,0.69591,0.9025506,0.9577755,0.3669557,0.3375116,0.4300739
0.9628487,0.798677,0.6871238,0.890783,0.9493622,0.3624088,0.3339592,0.4214558
0.9550627,0.792618,0.6770198,0.8772502,0.9396868,0.3571799,0.3298739,0.411545
0.9461089,0.7856502,0.6654,0.8616874,0.9285601,0.3511667,0.3251759,0.4001476
0.9358119,0.7776372,0.6520373,0.8437902,0.9157645,0.3442514,0.3197731,0.3870405
0.9239705,0.7684222,0.6366703,0.8232086,0.9010496,0.3362989,0.3135599,0.3719674
0.9103528,0.7578251,0.6189982,0.7995396,0.8841274,0.3271535,0.3064148,0.3546333
0.8946925,0.7456384,0.5986752,0.7723203,0.8646669,0.422572,0.5199471,0.9328828
0.8766831,0.7316236,0.5753038,0.7410181,0.8422872,0.422572,0.5199471,0.9328828
0.8559723,0.7155067,0.5765372,0.7050205,0.8165506,0.4556513,0.5362966,0.930433
0.8321548,0.6969721,0.5743654,0.6636233,0.7869536,0.4543588,0.5352868,0.9276158
0.8047647,0.6756574,0.5718678,0.6160166,0.7529169,0.4528724,0.5341255,0.9243758
0.7732663,0.6511455,0.6121253,0.5612689,0.7137748,0.4511631,0.53279,0.92065
0.7370429,0.6229568,0.6099535,0.4983089,0.6687613,0.4491974,0.5312542,0.9163653
0.6953861,0.5905398,0.607456,0.425905,0.6169959,0.4469367,0.529488,0.9114379
0.6474807,0.5532602,0.6045837,0.3426405,0.5574656,0.444337,0.5274569,0.9057713
0.5923896,0.5103887,0.6012807,0.2468863,0.4890057,0.4413474,0.5251212,0.8992548
0.5290347,0.4610865,0.5974821,0.136769,0.4102769,0.4379093,0.5224351,0.8917608
0.4561767,0.404389,0.5931139,0.1626234,0.3197388,0.4339555,0.5193461,0.8831427
0.3723899,0.3391868,0.5880904,0.1898206,0.21562,0.4294086,0.5157936,0.8732318
0.2760352,0.2642044,0.5823133,0.1898206,0.09588327,0.4241797,0.5117084,0.8618344
0.1652272,0.1779745,0.5756696,0.1869118,0.1120606,0.4181665,0.5070103,0.8487273
0.03779798,0.07881019,0.5680295,0.1835667,0.2287375,0.4112513,0.5016075,0.8336542
0.04186847,-0.03522878,0.5592434,0.531203,0.6465151,0.4671771,0.4953944,0.8163201
0.2509614,0.2386369,0.728807,0.5377064,1,0.691395,0.7794022,0.9030962
0.2487482,0.2371392,0.7266352,0.8184019,0.9985635,0.6901025,0.7783923,0.9006464
0.2462029,0.2354168,0.7241376,0.8154931,0.9969116,0.688616,0.777231,0.8978292
0.2432759,0.2334362,0.7212654,0.812148,0.9950118,0.6869067,0.7758956,0.8945893
0.2399098,0.2311584,0.7179623,0.8083012,0.9928271,0.684941,0.7743598,0.8908634
0.2360388,0.2285389,0.7141638,0.8038773,0.9903148,0.6826804,0.7725936,0.8865787
0.2315872,0.2255265,0.7097955,0.7987897,0.9874255,0.6800807,0.7705625,0.8816513
0.2264677,0.2220623,0.704772,0.7929392,0.9841029,0.6770911,0.7682267,0.8759847
0.2205804,0.2180784,0.698995,0.786211,0.9802818,0.673653,0.7655406,0.8694682
0.21381,0.213497,0.6923513,0.7784736,0.9758877,0.6696992,0.7624516,0.8619742
0.2060241,0.2082283,0.6847112,0.7695755,0.9708344,0.6651523,0.7588992,0.8533561
0.1970702,0.2021693,0.675925,0.7593428,0.965023,0.6599234,0.754814,0.8434453
0.1867733,0.1952015,0.665821,0.7475751,0.95834,0.6539102,0.7501159,0.8320479
0.1749318,0.1871885,0.6542012,0.7340423,0.9506545,0.6469949,0.7447131,0.8189408
0.1613141,0.1779736,0.6408386,0.7184796,0.9418163,0.6390424,0.7384999,0.8038677
0.1456538,0.1673764,0.6254715,0.7005824,0.9316522,0.6298971,0.7313548,0.7865336
0.1276444,0.1551896,0.6077994,0.6800008,0.9199636,0.6193799,0.7231379,0.7665994
0.1069335,0.1411749,0.5874764,0.6563318,0.9065217,0.6072852,0.7136884,0.7436751
0.08311611,0.1250579,0.564105,0.6291125,0.8910635,0.5933762,0.7028216,0.7173121
0.05572607,0.1065233,0.5372279,0.5978103,0.8732865,0.5773808,0.6903246,0.6869946
0.06034718,0.08520864,0.5063193,0.5618127,0.8528429,0.5589862,0.6759531,0.6521297
0.07744452,0.06069673,0.4707743,0.5204155,0.8293329,0.5378323,0.659426,0.6120348
0.07523126,0.03250803,0.4298976,0.4728087,0.8022963,0.5135055,0.6404197,0.5659258
0.07268602,9.10343E-05,0.3828894,0.418061,0.7712043,0.4855295,0.6185625,0.5129004
0.06975899,0.005439248,0.3288299,0.3551011,0.7354485,0.4533571,0.5934267,0.4519213
0.0663929,0.005439248,0.2666616,0.2826972,0.6943293,0.4163589,0.5645206,0.3817952
0.0625219,0.009086332,0.1951679,0.1994327,0.6470422,0.373811,0.5312786,0.3011503
0.05807025,0.01469177,0.1129503,0.1036785,0.592662,0.3248809,0.4930502,0.2084085
0.05295086,0.01319408,0.1735346,0.1607305,0.5301248,0.2686113,0.4490875,0.1017556
0.04706355,0.01147174,0.2210193,0.1578218,0.4582071,0.2039012,0.3985305,-0.02089529
0.04029315,0.009491053,0.2210193,0.1592038,0.3755017,0.1294847,0.34039,0.05299248
0.0520406,0.007213261,0.2188475,0.2223373,0.2803905,0.274812,0.2735283,0.05054267
0.04982734,0.01231678,0.2163499,0.2681859,0.1710126,0.3730547,0.1966374,0.0477254
0.1145069,0.9921435,0.5046508,0.278546,0.04522802,0.3717622,0.1082129,0.1382962
0.5856715,0.9906458,0.502479,0.2756372,0.1518125,0.3702758,0.3162885,0.4061936
0.5834582,0.9889234,0.4999815,0.3362468,0.150376,0.3685665,0.3152787,0.4037438
0.6884314,0.9869427,0.4971092,0.3333381,0.1487241,0.3666007,0.3141174,0.4009266
0.6884314,0.9846649,0.4938062,0.3299929,0.1468243,0.3643401,0.312782,0.3976867
0.6862181,0.9820455,0.4900077,0.3261461,0.1446397,0.3617404,0.3112462,0.3939609
0.6836729,0.9790331,0.4856394,0.3217222,0.1421273,0.3587508,0.30948,0.3896762
0.6807459,0.975569,0.4806159,0.3166347,0.139238,0.3553127,0.3074489,0.3847487
0.6773798,0.971585,0.4748388,0.3107841,0.1359154,0.3513589,0.3051131,0.3790821
0.6735088,0.9670036,0.4681952,0.3040559,0.1320943,0.346812,0.302427,0.3725656
0.6690571,0.961735,0.4605551,0.2963184,0.1277001,0.3415831,0.2993379,0.3650716
0.6639377,0.955676,0.4517689,0.2874204,0.1226468,0.3355699,0.2957855,0.3564535
0.6580505,0.9487082,0.4416648,0.2771876,0.1168355,0.3286546,0.2917002,0.3465427
0.65128,0.9406952,0.4300451,0.26542,0.1101525,0.3207021,0.2870022,0.3351452
0.6434941,0.9314802,0.4166824,0.2518872,0.102467,0.3115568,0.2815994,0.3220382
0.6345403,0.9208831,0.4013154,0.2363244,0.09362869,0.3010395,0.2753863,0.3069651
0.6242433,0.9086964,0.3836432,0.2184273,0.08346464,0.2889448,0.2682411,0.2896309
0.6124018,0.8946816,0.3633203,0.1978456,0.071776,0.2750358,0.2600242,0.2696967
0.5987841,0.8785647,0.3399489,0.2262623,0.1350943,0.3178274,0.2680458,0.3479728
0.5831239,0.8600301,0.3130717,0.2262623,0.1350943,0.3178274,0.2680458,0.3479728
0.5651144,0.8387154,0.2821631,0.2233535,0.1336578,0.3165349,0.2670359,0.345523
0.5444036,0.8142035,0.309422,0.2200084,0.1320059,0.3150485,0.2658747,0.3427057
0.5205862,0.7860147,0.3148349,0.2161616,0.1301061,0.3133392,0.2645392,0.3394659
0.4931961,0.7535977,0.3148349,0.2117377,0.1279214,0.3113734,0.2630033,0.33574
0.4616976,0.7163182,0.4331266,0.2893431,0.1345533,0.3091128,0.3341157,0.3314553
0.4254743,0.6734468,0.4309548,0.2864343,0.1331169,0.3065132,0.3331059,0.3265279
0.3838174,0.6241446,0.4284572,0.2830892,0.1314649,0.3035235,0.3319446,0.3208613
0.3359121,0.567447,0.425585,0.2792423,0.1295652,0.3000854,0.3306091,0.3143448
0.2808209,0.5022449,0.422282,0.2748184,0.1273805,0.2961316,0.3290733,0.3068508
0.2174661,0.4272624,0.4184835,0.2697309,0.1248681,0.2915848,0.3273071,0.2982326
0.144608,0.3410325,0.4141152,0.2638803,0.1219788,0.2863559,0.325276,0.2883218
0.06082126,0.2418682,0.4090917,0.2571521,0.1186562,0.2803426,0.3229402,0.2769244
-0.03553351,0.1278292,0.4033146,0.4777794,0.5128114,0.6237352,0.3202541,0.2638173
0.01760554,-0.003315585,0.396671,0.4777794,0.5128114,0.6237352,0.317165,0.2487442
0.1372544,0.07295119,0.4528547,0.5778508,0.5609247,0.6224427,0.6430405,0.7181017
0.1350411,0.0714535,0.4506829,0.574942,0.5594882,0.6209564,0.6420307,0.7156519
0.1324959,0.06973117,0.4481854,0.5715969,0.5578363,0.619247,0.6408694,0.7128347
0.2017625,0.06775048,0.4453131,0.56775,0.5559366,0.6172813,0.6395339,0.7095948
0.2017625,0.06547269,0.4420101,0.5633261,0.5537519,0.6150207,0.6379981,0.705869
0.1995492,0.06285323,0.4382116,0.5582387,0.5512394,0.612421,0.6362319,0.7015842
0.197004,0.05984085,0.4338433,0.5523881,0.5483502,0.6094314,0.6342008,0.6966568
0.1940769,0.05637661,0.4288197,0.5456598,0.5450276,0.6059933,0.6318651,0.6909903
0.1907108,0.05239274,0.4230427,0.5379224,0.5412065,0.6020395,0.6291789,0.6844738
0.1868398,0.04781129,0.4163991,0.5290244,0.5368123,0.5974926,0.6260899,0.6769797
0.1823882,0.04254262,0.4087589,0.5187916,0.531759,0.5922638,0.6225375,0.6683617
0.1772688,0.03648365,0.3999727,0.5070239,0.5259477,0.5862505,0.6184523,0.6584508
0.1713815,0.02951584,0.3898686,0.4934911,0.5192647,0.5793352,0.6137542,0.6470534
0.1646111,0.02150285,0.3782489,0.4779284,0.5115792,0.5713828,0.6083514,0.6339463
0.1568251,0.01228791,0.3648862,0.4600312,0.5027409,0.5622374,0.6021382,0.6188732
0.1478713,0.01739274,0.3495192,0.4394495,0.4925769,0.5517202,0.5949931,0.6015391
0.1375743,0.01974316,0.331847,0.4157805,0.4808882,0.5396255,0.5867762,0.5816049
0.1257329,0.06899384,0.3115241,0.3885612,0.4674463,0.5257164,0.5773267,0.5586805
0.1121152,0.06749617,0.2881527,0.357259,0.451988,0.5097211,0.5664598,0.5323176
0.09645481,0.06577382,0.2612756,0.3212615,0.434211,0.4913265,0.5539629,0.5020001
0.07844541,0.06379314,0.2303669,0.2798643,0.4137675,0.4701726,0.5395914,0.4671351
0.0577346,0.06151535,0.1948219,0.2322575,0.3902575,0.4458457,0.5230643,0.4270403
0.03391717,0.05889589,0.1539452,0.1775098,0.363221,0.4178698,0.504058,0.3809313
0.056033,0.0558835,0.106937,0.1145498,0.3321289,0.3856974,0.4822008,0.3279059
0.8716549,0.7337314,0.2436967,0.4643519,0.3327863,0.449748,0.5136673,0.5792536
0.8716549,0.7337314,0.2436967,0.4643519,0.3327863,0.449748,0.5136673,0.5792536
1,0.7322337,0.2415249,0.4614431,0.3313498,0.4484555,0.5126575,0.5768037
0.9986729,0.7305114,0.2390274,0.458098,0.3296979,0.4469692,0.5114962,0.5739865
0.9971468,0.7285306,0.2361552,0.4542511,0.3277981,0.4452598,0.5101607,0.5707466
0.9953917,0.7262529,0.2328521,0.4498272,0.3256134,0.4432941,0.5086249,0.5670208
0.9933735,0.7236334,0.2290536,0.4447398,0.323101,0.4410335,0.5068588,0.562736
0.9910524,0.720621,0.2246853,0.4388891,0.3202118,0.4384338,0.5048277,0.5578086
0.9883832,0.7171569,0.9380775,1,0.6858468,0.4354441,0.5024919,0.5521421
0.9853137,0.713173,0.9380775,1,0.6858468,0.4320061,0.4998057,0.5456256
0.9817836,0.7085915,0.9359056,0.9973335,0.6844103,0.4280522,0.4967167,0.5381315
0.9777241,0.7033229,0.9334081,0.994267,0.6827584,0.4235054,0.4931643,0.5295135
0.9730557,0.697264,0.9305359,0.9907405,0.6808587,0.4182765,0.4890791,0.5196026
0.967687,0.6902961,0.9272328,0.986685,0.678674,0.4122632,0.484381,0.5082052
0.961513,0.6822831,0.9234343,0.9820212,0.6761616,0.405348,0.4789782,0.4950981
0.9544128,0.6730682,0.9190661,0.9766579,0.6732724,0.3973955,0.4727651,0.480025
0.9462477,0.662471,0.9140426,0.97049,0.6699497,0.3882501,0.4656199,0.4626909
0.9368578,0.6502843,0.9082655,0.963397,0.6661287,0.3777329,0.457403,0.4427567
0.9260594,0.6362696,0.9016219,0.95524,0.6617345,0.3656381,0.4479536,0.4198323
0.9136413,0.6201526,0.8939818,0.9458594,0.6566812,0.3517292,0.4370867,0.3934694
0.8993604,0.6016181,0.8851957,0.9350718,0.6508699,0.3357338,0.4245898,0.3631519
0.8829374,0.5803034,0.8750915,0.9226661,0.6441869,0.3173392,0.4102183,0.3282869
0.8640509,0.5557914,0.8634718,0.9083995,0.6365014,0.2961853,0.3936911,0.2881921
0.8423314,0.5276028,0.8501092,0.8919928,0.6276631,0.2718584,0.3746848,0.2420831
0.817354,0.4951858,0.8347421,0.8731252,0.6174991,0.2438825,0.3528276,0.1890577
0.7886301,0.4579062,0.8170699,0.8514274,0.6058105,0.2117101,0.3276919,0.1280785
0.7555975,0.4150347,0.796747,0.826475,0.5923685,0.3946326,0.4904689,0.8721597
0.7176101,0.3657325,0.7733756,0.7977797,0.5769103,0.4260646,0.5097964,0.8697099
0.6739245,0.309035,0.7464985,0.7647802,0.5591333,0.4260646,0.5097964,0.8668926
0.6236861,0.2438328,0.7155898,0.7268307,0.5386898,0.4247721,0.5087866,0.8636528
0.5659119,0.1688503,0.6800449,0.6831887,0.5151798,0.4232858,0.5076253,0.8599269
0.4994717,0.08262049,0.6391681,0.6330005,0.4881432,0.4215764,0.5062898,0.8556422
0.4230654,-0.01654383,0.5921599,0.5752841,0.4570512,0.4196107,0.504754,0.8507148
0.3351981,0.02857405,0.5381005,0.5089101,0.4212953,0.4173501,0.5029879,0.8450482
0.2341507,0.02707637,0.4759321,0.4325801,0.3801762,0.4147504,0.5009568,0.8385317
0.1179463,0.02535403,0.4044385,0.3448006,0.3328891,0.4117607,0.498621,0.8310377
-0.01568883,0.02337334,0.3222208,0.2438542,0.2785089,0.4083227,0.4959349,0.8224196
0.01698821,0.02109555,0.2276705,0.1277658,0.2159717,0.4043688,0.4928459,0.8125088
0.01698821,0.01847608,0.1189377,0.1796726,0.144054,0.399822,0.4892935,0.8011113
0.01566114,0.01921185,-0.006105129,0.1966255,0.06134858,0.3945931,0.4852082,0.7880043
0.01413502,0.01771417,0.2956167,0.2304599,0.3205931,0.6561714,0.4805101,0.7729311
0.01237998,0.04125447,0.2934449,0.6995951,0.5171572,0.8556012,0.4751074,0.7555971
0.08531427,0.2602573,0.5030851,0.7492343,1,1,0.7638313,0.7356628
0.08531427,0.2602573,0.5030851,0.7492343,1,1,0.7638313,0.7475848
0.0839872,0.2587596,0.5009133,0.9341134,0.9986609,0.9987407,0.7628214,0.745135
0.08246107,0.2570373,0.4984157,0.9341134,0.9971209,0.9972926,0.7616601,0.7423178
0.08705635,0.2550566,0.4955435,0.9314469,0.9953499,0.9956272,0.7603247,0.7390779
0.08572929,0.2527788,0.4922404,0.9283804,0.9933133,0.993712,0.7587888,0.735352
0.08420316,0.2501593,0.4884419,0.9248539,0.9909711,0.9915096,0.7570227,0.7310673
0.08244812,0.2471469,0.4840736,0.9207984,0.9882777,0.9889768,0.7549916,0.7261399
0.08042982,0.2436827,0.4790501,0.9161345,0.9851802,0.986064,0.7526559,0.7204733
0.07810878,0.2396988,0.473273,0.9107713,0.9816181,0.9827144,0.7499697,0.7139568
0.07543958,0.2351174,0.4666294,0.9046034,0.9775217,0.9788623,0.7468807,0.7064628
0.07236999,0.2298487,0.4589893,0.8975103,0.9728109,0.9744323,0.7433283,0.6978447
0.06883998,0.2237897,0.4502031,0.8893533,0.9673934,0.9693379,0.739243,0.6879339
0.06478046,0.2168219,0.440099,0.8799728,0.9611632,0.9634794,0.7345449,0.6765365
0.06011201,0.2088089,0.4284793,0.8691852,0.9539986,0.956742,0.7291422,0.6634294
0.05474329,0.199594,0.4151166,0.8567795,0.9457592,0.948994,0.722929,0.6483563
0.04856927,0.1889968,0.3997496,0.8425128,0.9362841,0.9400839,0.7157838,0.6310222
0.04146915,0.1768101,0.3820774,0.8261061,0.9253876,0.9298372,0.7075669,0.611088
0.033304,0.1627953,0.3617545,0.8072386,0.9128566,0.9180536,0.6981175,0.5881637
0.02391408,0.1466783,0.3383831,0.7855408,0.8984459,0.9045023,0.6872506,0.5618007
0.01311567,0.1281438,0.311506,0.7605884,0.8818737,0.8889184,0.6747537,0.5314832
0.02204383,0.1068291,0.2805973,0.7318931,0.8628155,0.8709969,0.6603822,0.4966182
0.02204383,0.08231715,0.2450523,0.6988935,0.8408987,0.8503872,0.643855,0.4565234
0.02071677,0.05412845,0.2041756,0.660944,0.8156944,0.8266859,0.6248487,0.4104144
0.01919064,0.02171145,0.1571674,0.6173021,0.7867094,0.7994295,0.6029915,0.3573891
0.3931566,1,0.8349487,0.5671139,0.7533767,0.7680847,0.5778558,0.2964099
0.9164927,0.9986765,0.832777,0.5093974,0.7150441,0.7320381,0.5489497,0.2262838
0.9151656,0.9971547,0.8302794,0.4430235,0.6709616,0.6905846,0.5157076,0.1456389
0.9136395,0.9954045,0.8274072,0.3666935,0.6202666,0.642913,0.4774792,0.05289717
0.9118844,0.9933918,0.8241041,0.278914,0.5619675,0.5880907,0.4335166,-0.05375578
0.9098662,0.9910771,0.8203056,0.2858084,0.4949235,0.525045,0.3829596,0.04424961
0.9075451,0.9884153,0.8159373,0.2858084,0.4178229,0.4525425,0.324819,0.04424961
0.9048759,0.9853542,0.8109138,0.3094639,0.3291572,0.3691646,0.2579574,0.04179981
0.9018064,0.9818339,0.8051367,0.3067974,0.2271917,0.2732801,0.1810665,0.04197768
0.8982763,0.9777856,0.7984931,0.3037309,0.1099313,0.1630128,0.09264195,0.05547896
0.8942168,0.97313,0.790853,0.3002044,0.2219535,0.1686045,0.1035804,0.05547896
0.8895484,0.9677761,0.7820668,0.3010344,0.2206144,0.403813,0.3783801,0.5167951
0.8841797,0.9616191,0.7719627,0.3029684,0.2190744,0.4025537,0.3773702,0.5143453
0.8780057,0.9545386,0.760343,0.3029684,0.2173034,0.4011056,0.376209,0.511528
0.8709055,0.946396,0.7469804,0.3003018,0.2152668,0.3994402,0.3748735,0.5082881
0.8627404,0.937032,0.7316133,0.4107319,0.2129246,0.397525,0.3733377,0.5045623
0.8533505,0.9262634,0.7139412,0.4080653,0.2102312,0.3953226,0.3715715,0.5002776
0.8425521,0.9138795,0.6936182,0.4049988,0.2071337,0.3927898,0.3695404,0.4953502
0.830134,0.899638,0.6702468,0.4014723,0.2035716,0.389877,0.3672046,0.4896836
0.8158531,0.8832603,0.6433697,0.3974169,0.1994752,0.3865273,0.3645185,0.4831671
0.7994301,0.8644259,0.612461,0.3927531,0.1947643,0.3826752,0.3614295,0.475673
0.7805436,0.8427663,0.5769161,0.3873897,0.1893468,0.3782453,0.357877,0.4670549
0.7588241,0.8178579,0.5360394,0.3812219,0.1831167,0.3731509,0.3537918,0.4571441
0.7338467,0.7892131,0.4890311,0.3741288,0.1759521,0.3672923,0.3490937,0.4457467
0.7051228,0.7562717,0.4349717,0.3659718,0.1677127,0.3605549,0.343691,0.4326396
0.6720902,0.718389,0.3728033,0.3565913,0.1582375,0.352807,0.3374778,0.4175665
0.6341028,0.674824,0.3013097,0.3458036,0.147341,0.3438968,0.3303326,0.4002324
0.5904172,0.6247241,0.219092,0.3333979,0.1615855,0.3336501,0.3221157,0.3802982
0.5401788,0.5671094,0.1245417,0.3191313,0.1615855,0.3218664,0.3126662,0.3573738
0.4824046,0.5008524,0.01580886,0.3027246,0.1602463,0.3083152,0.3017994,0.3310108
0.4159644,0.4246568,0.09112649,0.283857,0.1660071,0.2927313,0.2893024,0.3006934
0.3395581,0.3370319,0.160848,0.2621593,0.164668,0.2748097,0.2906632,0.2658284
0.2516908,0.2362633,0.160848,0.2372068,0.163128,0.2542,0.2906632,0.2257336
0.1506434,0.1203794,0.8301174,0.9174699,0.5372292,0.3558771,0.2896534,0.1796245
0.3038736,0.787361,0.8279456,0.9148034,0.53589,0.3546178,0.2884921,0.1265992
0.3038736,0.787361,0.825448,0.9117369,0.5343501,0.3531697,0.2871566,0.06562001
0.4400657,0.7860376,0.8225758,0.9082103,0.5325791,0.3515043,0.2856209,-0.004506045
0.5204988,0.7845157,0.8192728,0.9041549,0.5305424,0.3495891,0.2838547,0.04961191
0.5191717,0.7827655,0.8154743,0.8994911,0.5282003,0.3473867,0.2818236,0.0471621
0.5176455,0.7807528,0.811106,0.8941278,0.5255069,0.3448538,0.2794878,0.04434483
0.5158905,0.7784382,0.8060824,0.8879599,0.5224094,0.3419411,0.2768017,0.04110496
0.5138722,0.7757763,0.8003054,0.8808669,0.6079963,0.9925488,1,1
0.5115511,0.7727152,0.7936618,0.8727099,0.6079963,0.9925488,1,1
0.508882,0.7691949,0.7860216,0.8633294,0.6066571,0.9912895,0.9989955,0.9976126
0.5058123,0.7651466,0.7772355,0.8525417,0.6051172,0.9898413,0.9978402,0.9948671
0.5022824,0.7604911,0.7671314,0.840136,0.6033462,0.988176,0.9965118,0.9917098
0.4982228,0.7551372,0.7555116,0.8258693,0.6013095,0.9862608,0.994984,0.9880789
0.4935544,0.7489802,0.742149,0.8094627,0.5989674,0.9840584,0.993227,0.9839034
0.4881857,0.7418996,0.7267819,0.7905951,0.596274,0.9815255,0.9912065,0.9791015
0.4820116,0.733757,0.7091098,0.7688974,0.5931765,0.9786128,0.988883,0.9735795
0.4749115,0.724393,0.6887868,0.7439449,0.5896144,0.9752632,0.986211,0.9672289
0.4667464,0.7136244,0.6654154,0.7152496,0.585518,0.971411,0.9831382,0.9599259
0.4573565,0.7012405,0.6385383,0.68225,0.5808071,0.9669812,0.9796044,0.9515275
0.4465581,0.686999,0.6076297,0.6443006,0.5753897,0.9618868,0.9755405,0.9418692
0.4341399,0.6706213,0.5720847,0.6006587,0.5691596,0.9560282,0.970867,0.9307622
0.419859,0.6517869,0.531208,0.5504704,0.5619949,0.9492908,0.9654926,0.9179891
0.4034359,0.6301274,0.4841998,0.492754,0.5537556,0.9415429,0.959312,0.9033001
0.3845495,0.6052189,0.4301403,0.42638,0.5442804,0.9326327,0.9522043,0.8864078
0.36283,0.5765741,0.3679719,0.35005,0.5333838,0.9223861,0.9440305,0.8669815
0.3378527,0.5436327,0.2964783,0.2622705,0.5208528,0.9106024,0.9346305,0.8446414
0.3091287,0.5057501,0.2142607,0.1613241,0.5064421,0.8970512,0.9238206,0.8189502
0.2760961,0.462185,0.1197103,0.231517,0.4898699,0.8814672,0.9113891,0.7894053
0.2381087,0.4120852,0.01097748,0.2288505,0.4708118,0.8635457,0.897093,0.7554287
0.1944231,0.3544704,0.06515865,0.225784,0.448895,0.8429359,0.8806525,0.7163556
0.1441847,0.2882134,0.08585557,0.2222575,0.4236907,0.8192347,0.8617458,0.6714216
0.08641058,0.2120179,0.08368377,0.218202,0.3947057,0.7919783,0.8400033,0.6197475
0.0199703,0.124393,0.08118619,0.2135382,0.3613729,0.7606335,0.8149992,0.5603222
-0.05643602,0.02362438,0.07831398,0.2081749,0.3230403,0.7245869,0.7862446,0.4919831
0.002873423,-0.09225951,0.1033189,0.202007,0.2789578,0.6831334,0.7531768,0.4133932
0.002873423,0.005058526,0.1033189,0.194914,0.2282629,0.6354618,0.7151488,0.3230148
0.006762219,0.003735122,0.1011471,0.186757,0.1699638,0.5806395,0.6714166,0.2190796
0.007045791,0.006107277,0.1118152,0.1773764,0.1029198,0.5175938,0.6211246,0.0995542
0.01980018,0.004783873,0.1432639,0.1665888,0.02581917,0.4450913,0.5632888,-0.03790005
0.01847312,0.007969153,0.1410921,0.154183,0.1176755,0.3617134,0.4967777,0.01759669
0.01694699,0.007969153,0.1385945,0.1399164,0.1176755,0.2658288,0.4202898,0.01759669
0.3695545,0.8326954,0.2412119,0.190653,0.1405572,0.1555616,0.3323288,0.03031904
0.3695545,0.8326954,0.2412119,0.190653,0.1405572,0.02875427,0.2311736,0.03031904
0.6350263,0.831372,0.23904,0.1879865,0.1818482,0.5108569,0.4511778,0.5847569
0.6336992,0.8298501,0.2365425,0.18492,0.180509,0.5095976,0.4501733,0.5823695
0.6321731,0.8280999,0.2336703,0.1813935,0.178969,0.5081494,0.4490181,0.5796241
0.630418,0.8260872,0.2303672,0.177338,0.1771981,0.5064841,0.4476896,0.5764667
0.6283997,0.8237725,0.2265687,0.1726742,0.1751614,0.5045689,0.4461619,0.5728358
0.6260787,0.8211107,0.2222004,0.1673109,0.1728193,0.5023664,0.444405,0.5686603
0.6234095,0.8180496,0.2171769,0.161143,0.1701258,0.4998336,0.4423845,0.5638584
0.6203399,0.8145293,0.2113999,0.15405,0.1670283,0.4969209,0.440061,0.5583363
0.6168099,0.810481,0.2047562,0.145893,0.1634662,0.4935712,0.437389,0.5519858
0.6127504,0.8058255,0.1971161,0.1365124,0.1593698,0.4897191,0.4343161,0.5446827
0.608082,0.8004716,0.1883299,0.1257248,0.154659,0.4852892,0.4307823,0.5362843
0.6027133,0.7943146,0.1782258,0.1133191,0.1492415,0.4801947,0.4267185,0.526626
0.5965393,0.787234,0.1666061,0.09905244,0.1430113,0.4743362,0.4220451,0.515519
0.5894391,0.7790914,0.1532434,0.1076734,0.1358467,0.4675988,0.4166706,0.5027459
0.581274,0.7697274,0.1378764,0.1050068,0.1276073,0.4598509,0.41049,0.4880569
0.571884,0.7589588,0.1202042,0.1200744,0.1181321,0.4509407,0.4033823,0.4711645
0.5610857,0.7465749,0.09988126,0.1302768,0.1231318,0.440694,0.4713755,0.8213134
0.5486676,0.7323334,0.1585141,0.1588006,0.1398527,0.4289103,0.4703709,0.818926
0.5343866,0.7159557,0.1585141,0.1588006,0.1398527,0.4153591,0.4692158,0.8161805
0.5179636,0.6971213,0.1563423,0.1561341,0.1887223,0.3997752,0.4678873,0.8130232
0.4990772,0.6754618,0.1538447,0.1530675,0.1873832,0.3818537,0.4663595,0.8093923
0.4773577,0.6505533,0.1509725,0.1495411,0.1858432,0.3612439,0.4646026,0.8052167
0.4523804,0.6219085,0.1701843,0.202223,0.1840722,0.3375427,0.4625822,0.8004149
0.4236564,0.5889671,0.1680124,0.1995564,0.1820356,0.3102863,0.4602587,0.7948927
0.3906238,0.5510845,0.1655149,0.1964899,0.1984108,0.2789415,0.4575866,0.7885423
0.3526364,0.5075194,0.1626426,0.2102953,0.1970717,0.2428949,0.4545138,0.7812392
0.3089508,0.4574196,0.1593396,0.2076287,0.1955317,0.2014414,0.45098,0.7728407
0.2587124,0.3998048,0.1555411,0.2045622,0.1937607,0.2444786,0.4469161,0.7631825
0.2009383,0.3335478,0.1511728,0.2010357,0.1917241,0.2432193,0.4422427,0.7520755
0.134498,0.2573523,0.1461493,0.1969803,0.1893819,0.2417712,0.4368683,0.7393024
0.05809165,0.1697274,0.1403722,0.2162845,0.1866885,0.3478551,0.4306876,0.7246134
0.6297492,0.5971923,0.3002181,0.3556518,0.3775247,0.3465959,0.42358,0.707721
0.6297492,0.5971923,0.3002181,0.3556518,0.3775247,0.3451477,0.4154061,0.6882948
0.9163193,0.5958688,0.2980463,0.4549272,0.3761856,0.3434823,0.4060062,0.6659546
0.9767625,0.5943469,0.2955487,0.4978759,0.3746456,0.3415672,0.3951963,0.6402634
0.9754354,0.5925967,0.2926765,0.5296786,0.3728746,0.3393647,0.3827648,0.6107185
0.9739093,0.590584,0.4033401,0.5270121,0.370838,0.3368319,0.3684687,0.576742
0.9721543,0.5882694,0.4033401,0.5239455,0.3684958,0.3339191,0.3520282,0.5376689
0.970136,0.5856075,0.4011683,0.5846691,0.3658024,0.3305695,0.3331216,0.4927348
0.967815,0.5825465,0.3986707,0.5820026,0.3627049,0.3267174,0.3113789,0.4410607
0.9651458,0.5790262,0.3957985,0.5789361,0.3591428,0.3222874,0.2863749,0.3816354
0.9620762,0.5749779,0.3924955,0.5754095,0.3550464,0.317193,0.2576203,0.3132963
0.9585462,0.5703223,0.388697,0.5713541,0.3503355,0.3113345,0.2245525,0.2347064
0.9544867,0.5649684,0.3843287,0.5666903,0.344918,0.3045971,0.1865245,0.144328
0.9498183,0.5588114,0.3793052,0.561327,0.3386879,0.2968491,0.1427923,0.04039287
0.9444495,0.5517309,0.3735281,0.5551591,0.3315233,0.287939,0.09250031,-0.07913256
0.9382755,0.5435882,0.3668845,0.5480661,0.3232839,0.2776923,0.03466451,0.007891558
0.9311754,0.5342243,0.3592443,0.5399091,0.3138087,0.2659086,-0.03184666,0.007891558
0.9230102,0.5234556,0.3504582,0.5305285,0.3029121,0.2523573,0.01371604,0.005504181
0.9136204,0.5110717,0.3403541,0.5197409,0.2903811,0.2367734,0.01381033,0.006775409
0.902822,0.4968302,0.3287343,0.5073351,0.2759705,0.2188519,0.07313043,0.06062309
0.8904038,0.4804525,0.3153717,0.4930685,0.2593982,0.1982421,0.1220352,0.09071772
0.876123,0.4616181,0.3000046,0.4766619,0.2403401,0.174541,0.1220352,0.09071772
0.8596999,0.4399586,0.2823325,0.4577942,0.2184233,0.1944326,0.1983782,0.08833034
0.8408134,0.4150501,0.2620095,0.4360965,0.193219,0.2185101,0.3314873,0.08558486
0.8190939,0.3864054,0.2386381,0.4111441,0.164234,0.2560516,0.3304828,0.08242755
0.7941166,0.3534639,0.211761,0.3824488,0.1309013,0.2547923,0.3293276,0.07879665
0.7653926,0.3155813,0.1808523,0.3494492,0.09256865,0.2533442,0.3279991,0.07462111
0.7323601,0.2720162,0.1453073,0.351908,0.04848613,0.2516788,0.3264714,0.06981924
0.6943726,0.2219164,0.1463845,0.351908,0.08280829,0.2497636,0.3247145,0.06429709
0.650687,0.1643016,0.1442127,0.3492414,0.08146917,0.2475612,0.322694,0.05794663
0.6004487,0.09804462,0.1605799,0.3461749,0.120686,0.2450283,0.3203705,0.05064359
0.5426745,0.02184906,0.1605799,0.3426484,0.120686,0.2421156,0.3176984,0.05164837
0.4762342,-0.06577582,0.1820666,0.4023043,0.1327298,0.2701676,0.3146256,0.04926099
0.3998279,0.01907557,0.1798948,0.4028246,0.2006273,0.3643769,0.3110918,0.04651551
0.4299946,0.570495,0.2236015,0.4380601,0.1992881,0.3631176,0.3070279,0.05971545
0.4286675,0.5691716,0.2214297,0.4353935,0.1977482,0.3835729,0.3401577,0.4501152
0.4271414,0.5676497,0.2189321,0.432327,0.1959772,0.3835729,0.3401577,0.4501152
0.4253863,0.5658995,0.2218095,0.4288006,0.1939405,0.3823136,0.3391532,0.4477278
0.423368,0.5638868,0.2196377,0.4247451,0.1915984,0.3808655,0.337998,0.4449823
0.421047,0.5615721,0.2171401,0.4200813,0.1889049,0.3792001,0.3366695,0.441825
0.4183778,0.5589103,0.2142679,0.4147179,0.1858075,0.3772849,0.3351418,0.4381941
0.4153082,0.5558492,0.2109649,0.4085501,0.1822454,0.3750825,0.3333849,0.4340186
0.4117782,0.5523289,0.2071663,0.401457,0.178149,0.3725497,0.3313644,0.4292167
0.4077187,0.5482806,0.2027981,0.3933001,0.1734381,0.3696369,0.3290409,0.4236946
0.4030502,0.5436251,0.1977745,0.3839195,0.1680206,0.3662872,0.3263688,0.4173441
0.3976815,0.5382712,0.1919975,0.3731319,0.1617904,0.3624351,0.323296,0.410041
0.3915075,0.5321141,0.1853539,0.3607261,0.1546258,0.3580052,0.3197622,0.4016425
0.3844073,0.5250336,0.1777137,0.4495241,0.1463865,0.3529108,0.3156984,0.3919843
0.3762422,0.516891,0.1689276,0.4468575,0.1369112,0.3470522,0.3110249,0.3808772
0.3668523,0.507527,0.1588235,0.443791,0.1260147,0.3403148,0.3056505,0.3681042
0.3560539,0.4967584,0.1472037,0.4402646,0.1134837,0.3325669,0.2994699,0.3534152
0.3436357,0.4843745,0.1338411,0.4362091,0.09907302,0.3236567,0.2923622,0.3365228
0.3293548,0.4701329,0.1819405,0.4315453,0.1135001,0.31341,0.2841883,0.361722
0.3129318,0.4537552,0.1797686,0.4261819,0.112161,0.3016263,0.2747883,0.3593346
0.2940453,0.4349208,0.1772711,0.4200141,0.110621,0.2880751,0.2639784,0.3565891
0.2723259,0.4132613,0.1743988,0.4478852,0.10885,0.2724912,0.251547,0.3534318
0.2473485,0.3883529,0.1967089,0.4452187,0.1068134,0.2545696,0.2372509,0.3498009
0.2186246,0.3597081,0.222996,0.5354765,0.1342222,0.2339599,0.2208103,0.3456254
0.185592,0.3267667,0.2670327,0.53281,0.1328831,0.2102587,0.3283596,0.3408235
0.1476045,0.288884,0.2648609,0.5297435,0.1313431,0.2442681,0.3273551,0.3353013
0.103919,0.245319,0.2623633,0.526217,0.1295721,0.2430088,0.3261999,0.3289509
0.05368058,0.1952191,0.2594911,0.5221615,0.1275355,0.2415607,0.3248715,0.3216479
-0.00409358,0.1376044,0.2561881,0.5174978,0.1251933,0.2398953,0.3233437,0.3132493
0.01986222,0.07134736,0.2523896,0.5121344,0.1224999,0.2379801,0.3215868,0.3035911
0.01853515,-0.004848195,0.2480213,0.5785565,0.1194024,0.2357777,0.3195663,0.292484
0.01935862,0.02280501,0.2429978,0.5785565,0.1158403,0.2332449,0.3172428,0.279711
0.04787634,0.0214816,0.2439333,0.678544,0.4743758,0.611159,0.3145708,0.265022
0.1933383,0.3031709,1,0.9719579,0.6099165,0.7740807,0.8089868,0.7897235
0.1920112,0.3018475,0.9978963,0.9692913,0.6085774,0.7728214,0.8079823,0.7873362
0.1904851,0.3003256,0.9954771,0.9662248,0.6070374,0.7713733,0.806827,0.7845907
0.1887301,0.2985753,0.992695,0.9626983,0.6052664,0.7697079,0.8054985,0.7814334
0.1867118,0.2965626,0.9894956,0.9586429,0.6032298,0.7677927,0.8039708,0.7778025
0.1843907,0.294248,0.9858164,0.9539791,0.6008877,0.7655903,0.8022138,0.7736269
0.1817215,0.2915861,0.9815851,0.9486157,0.5981942,0.7630574,0.8001934,0.7688251
0.1786519,0.288525,0.9767193,0.9424479,0.5950968,0.7601447,0.7978699,0.7633029
0.1751219,0.2850047,0.9711235,0.9353549,0.5915346,0.756795,0.7951978,0.7569525
0.1710624,0.2809564,0.9646884,0.9271979,0.5874383,0.7529429,0.792125,0.7496494
0.166394,0.2763008,0.957288,0.9178174,0.5827274,0.748513,0.7885912,0.7412509
0.1610252,0.2709469,0.9487776,0.9070297,0.5773099,0.7434186,0.7845274,0.7315927
0.1548512,0.26479,0.9389906,0.894624,0.5710798,0.73756,0.7798539,0.7204857
0.1477511,0.2577094,0.9277355,0.8803573,0.5639151,0.7308227,0.7744795,0.7077126
0.1395859,0.2495668,0.9147922,0.8639507,0.5556758,0.7230747,0.7682989,0.6930236
0.130196,0.2402028,0.8999074,0.8450831,0.5462006,0.7141646,0.7611912,0.6761312
0.1193976,0.2294342,0.8827899,0.8233853,0.5353041,0.7039179,0.7530174,0.656705
0.1069794,0.2170503,0.8631046,0.7984329,0.522773,0.6921343,0.7436175,0.6343648
0.09269854,0.2028088,0.8404667,0.7697376,0.5083624,0.678583,0.7328075,0.6086736
0.07627551,0.186431,0.814433,0.736738,0.4917901,0.6629991,0.7203761,0.5791288
0.05738903,0.1675966,0.7844943,0.6987885,0.472732,0.6450775,0.70608,0.5451522
0.03566958,0.1459371,0.7500647,0.6551466,0.4508152,0.6244678,0.6896394,0.5060791
0.01069222,0.1210286,0.7104707,0.6049584,0.4256109,0.6007666,0.6707327,0.4611451
0.01818963,0.09238391,0.6649377,0.5472419,0.3966259,0.5735102,0.6489902,0.4094709
0.01686257,0.05944246,0.6125746,0.480868,0.3632932,0.5421653,0.6239861,0.3500457
0.03397449,0.1547354,0.5523572,0.8726004,0.5551914,0.7967001,0.8066536,1
0.03264742,0.153412,0.4831071,0.8699339,0.5538523,0.7954408,0.805649,0.9976561
0.03112129,0.1518901,0.4034694,0.8668674,0.5523123,0.7939927,0.8044938,0.9949607
0.02936625,0.1501399,0.3118862,0.8633409,0.5505413,0.7923273,0.8031653,0.991861
0.03835453,0.1481272,0.2065655,0.8592855,0.5485047,0.7904121,0.8016376,0.9882963
0.08480179,0.1458125,0.08544661,0.8546216,0.5461625,0.7882097,0.7998807,0.984197
0.08480179,0.1431507,0.1869022,0.8492583,0.5434691,0.7856769,0.7978603,0.9794828
0.08347473,0.1400896,0.2627825,0.8430905,0.5403716,0.7827641,0.7955368,0.9740614
0.0819486,0.1365693,0.8745284,1,0.6485724,0.7794145,0.7928647,0.9678267
0.2112964,0.6252615,0.8724247,0.9978287,0.6472333,0.7755624,0.7897918,0.9606569
0.5624,0.6239381,0.8700055,0.9953316,0.6456933,0.7711325,0.786258,0.9524117
0.5610729,0.6224162,0.8672234,0.9924601,0.6439223,0.7660381,0.7821942,0.9429296
0.5595468,0.620666,0.864024,0.9891578,0.6418857,0.7601795,0.7775208,0.9320252
0.5577918,0.6186533,0.8603447,0.9853602,0.6395436,0.7534421,0.7721463,0.9194851
0.5557734,0.6163387,0.8561136,0.980993,0.6368501,0.7456942,0.7659657,0.905064
0.5534524,0.6136768,0.8512477,0.9759706,0.6337527,0.736784,0.758858,0.8884798
0.5507832,0.6106157,0.8456519,0.9701949,0.6301906,0.7265373,0.7506842,0.8694079
0.5477137,0.6070954,0.8392168,0.9635528,0.6260942,0.7147537,0.7412843,0.8474752
0.5441836,0.6030471,0.8318164,0.9559144,0.6213833,0.7012025,0.7304744,0.8222526
0.5401241,0.5983916,0.8233059,0.9471304,0.6159658,0.6856185,0.7180429,0.7932467
0.5354557,0.5930377,0.8135189,0.9370285,0.6097357,0.667697,0.7037468,0.7598899
0.530087,0.5868807,0.8022638,0.9254115,0.6025711,0.6470872,0.6873062,0.7215295
0.523913,0.5798001,0.7893205,0.9120519,0.5943317,0.623386,0.6683996,0.6774151
0.5168128,0.5716575,0.7744356,0.8966884,0.5848565,0.5961296,0.6466569,0.6266835
0.5086477,0.7719877,0.7573181,0.8790204,0.57396,0.5647848,0.621653,0.5683422
0.4992578,0.7706643,0.7376328,0.8587021,0.561429,0.5287383,0.5928984,0.5012497
0.4884594,0.7691424,0.7149948,0.8353361,0.5470183,0.4872847,0.5598305,0.4240934
0.5107108,0.7673922,0.6889611,0.8084652,0.5304461,0.4396131,0.5218025,0.3353635
0.5093837,0.7653795,0.6590225,0.7775637,0.511388,0.3847908,0.4780704,0.2333242
0.5078576,0.7630649,0.6245929,0.7420269,0.4894712,0.3217451,0.4277784,0.115979
0.5930144,0.760403,0.584999,0.7011596,0.4642669,0.2492426,0.3699426,-0.01896796
0.5916873,0.7573419,0.5394658,0.6541622,0.4352819,0.266408,0.3034314,0.09241176
0.5901612,0.7538217,0.4871028,0.6001152,0.4019492,0.2651487,0.3252193,0.1143308
0.5884061,0.7497733,0.4268853,0.5379612,0.3636166,0.2637006,0.3252193,0.1143308
0.5863878,0.7451178,0.3576353,0.466484,0.319534,0.2620352,0.3242148,0.131962
0.5840668,0.7397639,0.2779976,0.3842853,0.2688391,0.26012,0.3230596,0.131962
0.5813976,0.7336069,0.3212551,0.2897568,0.21054,0.2579175,0.3217311,0.1296181
0.5977623,0.7265263,0.3191514,0.181049,0.143496,0.2553847,0.3202034,0.1269227
0.5964352,0.7183837,0.3167322,0.2936086,0.06639538,0.252472,0.3184464,0.133228
0.5949091,0.7090197,0.3139502,0.2914373,0.3003579,0.6324548,0.3305089,0.2399155
0.5931541,0.6982511,0.3107508,0.2889403,0.3003579,0.6324548,0.3305089,0.2399155
0.5911358,0.6858672,0.4675174,0.6049256,0.5156609,0.6311955,0.3295044,0.2375717
0.5888148,0.6716257,0.4654137,0.6075565,1,0.7721292,0.7950323,0.8980017
0.5861456,0.655248,0.4629945,0.6075565,1,0.7721292,0.7950323,0.8980017
0.5830761,0.6364136,0.4602124,0.9425602,0.9987419,0.8826656,0.7940277,0.8956579
0.579546,0.6147541,0.457013,0.9403888,0.9972953,0.8814062,0.7928725,0.8929625
0.5754865,0.5898456,0.4840795,0.9378918,0.9956315,0.8799581,0.7915441,0.8898628
0.5708181,0.5612009,0.4819758,0.9350203,0.9937182,0.8782927,0.7900164,0.8862981
0.5654494,0.5282594,0.4795566,0.931718,0.991518,0.8763776,0.7882594,0.8821988
0.5592753,0.4903768,0.4767745,0.9279204,0.9889876,0.8741751,0.786239,0.8774844
0.5521752,0.4468117,0.4735751,0.9235531,0.9860778,0.8716423,0.7839155,0.872063
0.54401,0.3967119,0.4698958,0.9185308,0.9827314,0.8687296,0.7812434,0.8658284
0.5346202,0.3390971,0.5029219,0.912755,0.9788831,0.8653799,0.7781706,0.8586586
0.5238218,0.2728401,0.5008183,0.906113,0.9744576,0.8615278,0.7746368,0.8504133
0.5114036,0.1966445,0.498399,0.8984746,0.9693682,0.8570979,0.770573,0.8409312
0.4971227,0.1090196,0.4956169,0.8896905,0.9635153,0.8520035,0.7658995,0.8300268
0.4806997,0.008251037,0.4924175,0.8795887,0.9567846,0.8461449,0.760525,0.8174867
0.4618132,0.009294263,0.4887382,0.8679717,0.9490443,0.8394076,0.7543445,0.8030656
0.4400938,0.01639947,0.4845071,0.8546121,0.9401429,0.8316596,0.7472368,0.7864814
0.4151164,0.06097689,0.4796412,0.8392486,0.9299064,0.8227494,0.739063,0.7674095
0.3863924,0.05965348,0.4740454,0.8215805,0.9181343,0.8125028,0.729663,0.7454768
0.3533598,0.05813157,0.4676103,0.8012623,0.9045964,0.8007191,0.7188531,0.7202542
0.3153724,0.05638137,0.4602099,0.7778962,0.8890279,0.7871679,0.7064217,0.6912483
0.2716868,0.05436863,0.4516994,0.7510253,0.871124,0.771584,0.6921256,0.6578915
0.2214484,0.05205399,0.4419124,0.7201238,0.8505346,0.7536624,0.675685,0.6195312
0.1636743,0.04939216,0.4662393,0.684587,0.8268567,0.7330527,0.6567783,0.5754167
0.097234,0.04633104,0.4662393,0.6437197,0.7996272,0.7093514,0.6350357,0.5246851
0.4008909,1,1,0.5967224,0.7683132,0.6820951,0.6100317,0.4663438
0.8519962,0.9986783,0.9980659,0.5426753,0.7323022,0.6507502,0.5812771,0.3992513
0.8519962,0.9971585,0.9958417,0.4805213,0.6908895,0.6147037,0.5482093,0.3220949
0.8506691,0.9954106,0.9932839,0.4090441,0.6432649,0.5732501,0.5101813,0.2333651
0.849143,0.9934006,0.9903424,0.3268454,0.5884966,0.5255786,0.4664491,0.1313258
0.847388,0.991089,0.9869598,0.2323169,0.5255131,0.4707562,0.4161571,0.01398063
0.8453696,0.9884308,0.9830697,0.3287488,0.453082,0.4077106,0.3583213,0.04817259
0.8430486,0.9853738,0.9785962,0.3287488,0.3697863,0.3352081,0.2918102,0.04817259
0.8403794,0.9818583,0.9734515,0.3265775,0.2739962,0.2518302,0.2153223,0.2028554
0.8373099,0.9778154,0.9675352,0.3240805,0.1638376,0.2715466,0.1273613,0.2028554
0.8337798,0.973166,0.9607314,0.4947394,0.2524485,0.2702874,0.02620611,0.2005116
0.8297203,0.9678193,0.9529071,0.4925681,0.2511905,0.2688392,0.05676956,0.1978162
0.8250519,0.9616706,0.943909,0.5240497,0.2497437,0.2671739,0.05576504,0.1947165
0.8196832,0.9545995,0.9335613,0.5218784,0.24808,0.2652587,0.05460984,0.1911518
0.8135092,0.9464678,0.9216614,0.5193814,0.2575665,0.2630562,0.05328136,0.1870524
0.806409,0.9371164,0.9079766,0.5165098,0.2575665,0.2605234,0.05175361,0.1823382
0.7982439,0.9263622,0.8922391,0.5132076,0.2563085,0.2576106,0.04999669,0.1769167
0.788854,0.913995,0.8741409,0.5094099,0.2548618,0.254261,0.04797624,0.1706821
0.7780556,0.8997725,0.853328,0.5050427,0.2531981,0.2504089,0.04565272,0.1635123
0.7656375,0.8834168,0.8293931,0.5000203,0.2512848,0.245979,0.04298067,0.155267
0.7513566,0.8646076,0.8018679,0.4942446,0.2490845,0.2408845,0.03990781,0.1457849
0.7349336,0.8429772,0.770214,0.4876025,0.2465542,0.235026,0.03637403,0.1348805
0.716047,0.8181021,0.733812,0.4799641,0.2436443,0.2282886,0.03231018,0.1223404
0.6943276,0.7894957,0.7339963,0.47118,0.2402979,0.2205406,0.02763675,0.1079193
0.6693502,0.7565985,0.7320623,0.4610782,0.2364496,0.2116305,0.0222623,0.09133507
0.6406263,0.7187666,0.7298381,0.4494612,0.2320241,0.2013838,0.02456844,0.07226319
0.6075937,0.6752599,0.7272803,0.4361016,0.2269347,0.1896001,0.02456844,0.05033053
0.5696062,0.6252273,0.7243389,0.4207381,0.2210819,0.1760488,0.0826562,0.06953456
0.5259207,0.5676898,0.8666855,0.40307,0.2143511,0.1604649,0.08165168,0.06719074
0.4756823,0.5015216,0.8647514,0.3827517,0.2066108,0.1622238,0.1248667,0.06449533
0.4179081,0.4254282,0.8625273,0.3593857,0.1977094,0.2125807,0.1940436,0.06139562
0.3514679,0.3379208,0.8599694,0.3325148,0.1874728,0.2125807,0.1940436,0.05783094
0.2750615,0.2372873,1,0.6909948,0.4699093,0.3665393,0.2494799,0.09007835
0.1871943,0.1215587,1,0.6909948,0.4699093,0.3665393,0.2494799,0.09007835
0.3063218,0.6813341,0.9983955,0.6888235,0.4686513,0.3652801,0.2484754,0.08773453
0.5566198,0.6800124,0.9965503,0.6863265,0.4672046,0.3638319,0.2473202,0.08503912
0.5552927,0.6784925,0.9944284,0.6834549,0.4655408,0.3621666,0.2459918,0.08193941
0.5537665,0.6767447,0.9919882,0.6801527,0.4636275,0.3602514,0.244464,0.07837474
0.5520115,0.6747347,0.9891819,0.676355,0.4614272,0.3580489,0.2427071,0.07427536
0.5499932,0.6724231,0.9859548,0.6719878,0.4588969,0.3555161,0.2406866,0.06956109
0.5476722,0.6697649,0.9822435,0.6669654,0.455987,0.3526033,0.2383631,0.06413967
0.545003,0.6667079,0.9779755,0.6611897,0.4526407,0.3492537,0.2356911,0.05790503
0.5419334,0.6631923,0.9730675,0.6545476,0.4487924,0.3657585,0.5613348,0.6675659
0.5384034,0.6591495,0.9674231,0.6742958,0.4443668,0.3644993,0.5603303,0.665222
0.5343439,0.6545001,0.9609321,0.6721245,0.4392774,0.3630511,0.5591751,0.6625267
0.5296754,0.6491534,0.9534674,0.6696275,0.4334246,0.3613857,0.5578467,0.6594269
0.5243067,0.6430047,0.944883,0.6667559,0.4266939,0.3594706,0.5563189,0.6558623
0.5181327,0.6359336,0.935011,0.6634536,0.4189535,0.3572681,0.554562,0.6517629
0.5110326,0.6278019,0.9236581,0.659656,0.4100522,0.3547353,0.5525416,0.6470487
0.5028675,0.6184505,0.9106024,0.6552888,0.3998156,0.3518225,0.550218,0.6416272
0.4934776,0.6076963,0.8955883,0.6502663,0.3880435,0.3484729,0.547546,0.6353926
0.4826791,0.595329,0.878322,0.6444907,0.3745056,0.3446208,0.5444731,0.6282228
0.4702609,0.5811067,0.8584658,0.6378486,0.3589371,0.3401909,0.5409393,0.6199775
0.4559801,0.5647509,0.8356311,0.6302102,0.3410332,0.3350964,0.5368755,0.6104954
0.439557,0.5459417,0.8093713,0.621426,0.3204438,0.3292379,0.5322021,0.599591
0.4206706,0.5243112,0.7791725,0.6113243,0.2967659,0.3225005,0.5268276,0.5870509
0.3989511,0.4994362,0.7444438,0.5997072,0.2695364,0.3147525,0.520647,0.5726298
0.3739738,0.4708298,0.7045059,0.5863476,0.2382225,0.3058424,0.5135393,0.5560456
0.3452498,0.4379325,0.6585773,0.5709841,0.2022114,0.2955957,0.5053655,0.5369737
0.3122172,0.4001007,0.6057594,0.5533161,0.1607987,0.3454059,0.4959656,0.5150411
0.2742298,0.356594,0.5450189,0.5329978,0.1131741,0.3454059,0.4851556,0.4898185
0.2305442,0.3065614,0.4751672,0.5096318,0.05840581,0.3441466,0.4727242,0.4608125
0.1803058,0.2490238,0.3948378,0.4827608,0.09905257,0.3426985,0.4584281,0.4274557
0.1225317,0.1828557,0.302459,0.4518593,0.09905257,0.3410331,0.4419875,0.3890953
0.05609138,0.1067623,0.1962234,0.4163225,0.1318946,0.3391179,0.4230809,0.3449809
-0.02031494,0.01925486,0.3188579,0.4304907,0.149342,0.3369155,0.4013382,0.2942494
0.009867157,-0.08137865,0.3172534,0.4283194,0.148084,0.3343827,0.3763342,0.2359081
0.009867157,0.01244125,0.3154083,0.4258224,0.1466373,0.3314699,0.3475796,0.1688156
0.03827997,0.0136381,0.3596148,0.4229508,0.1449735,0.3281203,0.3145118,0.09165919
0.03695291,0.01231647,0.3580103,0.4196486,0.1430603,0.3242681,0.2764838,0.002929352
0.03542678,0.01330111,0.6986566,0.4995791,0.14086,0.3198382,0.2327517,0.0533291
0.03367174,0.01330111,0.6986566,0.4995791,0.1383296,0.3147438,0.1824596,0.0533291
0.04394806,0.01197948,0.6970521,0.4974078,0.1354198,0.3088852,0.1246238,0.05098527
0.042621,0.01545863,0.6952069,0.4949108,0.1459332,0.3021479,0.05811267,0.06434889
0.04268844,0.07024534,0.8445503,0.9295416,0.6153283,0.3626166,0.1750056,0.1326834
0.2975948,0.6705656,0.8429458,0.9273703,0.6140702,0.3613573,0.3248977,0.4033786
0.5914083,0.669244,0.8411006,0.9248733,0.6126235,0.3599092,0.3238932,0.4010348
0.5900812,0.6677241,0.8389786,0.9220017,0.6109598,0.3582438,0.322738,0.3983394
0.588555,0.6659762,0.8365384,0.9186994,0.6090465,0.3563286,0.3214095,0.3952397
0.5868,0.6639662,0.8337322,0.9149019,0.6068462,0.3541262,0.3198818,0.391675
0.5847816,0.6616547,0.830505,0.9105346,0.6043159,0.3515934,0.3181249,0.3875757
0.5824606,0.6589964,0.8267938,0.9055123,0.601406,0.3486806,0.3161044,0.3828614
0.5797915,0.6559395,0.8225258,0.8997365,0.5980597,0.345331,0.3137809,0.3774399
0.5767219,0.6524239,0.8176177,0.8930945,0.5942113,0.3414789,0.3111089,0.3712053
0.5731919,0.648381,0.8119733,0.8854561,0.5897858,0.3370489,0.308036,0.3640355
0.5691324,0.6437317,0.8054823,0.876672,0.5846964,0.3319545,0.3045022,0.3557902
0.5644639,0.638385,0.7980176,0.8665702,0.5788436,0.3260959,0.3004383,0.3463081
0.5590953,0.6322362,0.7894332,0.8549532,0.5721129,0.3193586,0.2957649,0.3354037
0.5529212,0.6251652,0.7795612,0.8415936,0.5643725,0.3116106,0.2903905,0.3228636
0.5458211,0.6170335,0.7682084,0.82623,0.5554712,0.3027004,0.2842099,0.3084425
0.5376559,0.607682,0.7551526,0.808562,0.5452346,0.2924538,0.2771022,0.2918583
0.528266,0.5969279,0.7401385,0.7882437,0.5334626,0.2806701,0.2689283,0.2727864
0.5174676,0.5845606,0.7228723,0.7648777,0.5199247,0.4604212,0.5424497,0.9180902
0.5050495,0.5703382,0.703016,0.7380068,0.5043561,0.4741855,0.5630468,0.9157465
0.4907686,0.5539824,0.6801814,0.7071053,0.4864523,0.4729262,0.5620422,0.9130511
0.4743455,0.5351732,0.6539215,0.6715685,0.4658628,0.4714781,0.560887,0.9099513
0.4554591,0.5135428,0.6237227,0.6307012,0.442185,0.4698127,0.5595586,0.9063867
0.4337396,0.4886677,0.5889941,0.5837038,0.4149555,0.4678975,0.5580308,0.9022872
0.4087622,0.4600614,0.5490562,0.5296568,0.3836415,0.4656951,0.5562739,0.897573
0.3800383,0.4271641,0.5031276,0.4675028,0.3476305,0.4631622,0.5542535,0.8921516
0.3470057,0.3893322,0.6498434,0.3960256,0.3062178,0.4602495,0.55193,0.8859169
0.3090183,0.3458256,0.6498434,0.3138269,0.2585932,0.4568998,0.5492579,0.8787471
0.2653327,0.2957929,0.6482388,0.3934299,0.2038249,0.4530477,0.5461851,0.8705018
0.2150943,0.2382554,0.6463937,0.3912586,0.1408413,0.4486178,0.5426513,0.8610197
0.1573201,0.1720872,0.6442718,0.3887616,0.1425204,0.4435234,0.5385875,0.8501154
0.09087986,0.0959938,0.6418316,0.3858901,0.1412624,0.4376648,0.533914,0.8375753
0.01447354,0.008486399,0.6390253,0.3825878,0.1758266,0.4309275,0.5285395,0.8231542
0.03376132,0.04256288,0.6357981,0.4987259,0.3829963,0.4231794,0.522359,0.8065699
0.03376132,0.04256288,0.6320869,0.4987259,0.3829963,0.424145,0.5152513,0.7874981
0.09859651,0.05698946,0.6278189,0.6326982,0.3817382,0.4228857,0.5070774,0.7655653
0.09726945,0.05566783,0.6229107,0.6305269,0.3802915,0.4214376,0.4976775,0.7403428
0.09574333,0.05414796,0.6172664,0.6280299,0.3786278,0.4197722,0.4868676,0.7113369
0.09398828,0.0524001,0.6107754,0.6251584,0.3767145,0.417857,0.4744362,0.67798
0.09196998,0.05039007,0.6033106,0.6218561,0.3745142,0.4156545,0.46014,0.6396196
0.08964893,0.04807853,0.5947263,0.6180584,0.3719839,0.4131217,0.4436994,0.5955053
0.08697973,0.04542026,0.5848542,0.6136912,0.369074,0.4102089,0.4247928,0.5447737
0.08391015,0.04236325,0.5735014,0.6086688,0.3657277,0.4068593,0.4030502,0.4864324
0.08038013,0.03884769,0.5604457,0.6028931,0.3618793,0.4030072,0.3780462,0.4193399
0.07632061,0.03480479,0.5454315,0.596251,0.3574538,0.3985773,0.3492915,0.3421835
0.07165216,0.03015547,0.5281652,0.5886126,0.3523644,0.3934829,0.3162237,0.2534537
0.06628345,0.02480874,0.508309,0.5798284,0.3465116,0.3876243,0.2781957,0.1514144
0.06010942,0.01866,0.4854744,0.5697267,0.3397809,0.3808869,0.2344636,0.03406916
0.0530093,0.01158895,0.4592146,0.5581096,0.3320405,0.3731389,0.1841716,-0.1008778
0.04484415,0.003457244,0.4290158,0.54475,0.3231391,0.3642288,0.1263358,0.02152178
0.03545423,0.00799118,0.3942871,0.5293865,0.3129025,0.3539821,0.0598246,0.01917795
0.02465583,0.00666955,0.3543492,0.5117185,0.3011305,0.3421984,0.2361226,0.1961556
0.06679887,0.06030038,0.3084206,0.4914002,0.2875926,0.3286472,0.235118,0.2220927
0.06679887,0.06030038,0.2556027,0.4680342,0.272024,0.3130632,0.2339629,0.2220927
0.06547181,0.05897875,0.2987844,0.4411633,0.2541202,0.2951417,0.2326344,0.2197489
0.06394568,0.05745888,0.2987844,0.4102617,0.2335307,0.274532,0.2311066,0.2170535
0.06219064,0.05571102,0.2971799,0.3747249,0.2098529,0.2508308,0.2293497,0.2139537
0.06017234,0.05370099,0.3953989,0.3338577,0.1826234,0.2235744,0.3495551,0.2103891
0.05785129,0.05138945,0.3937944,0.2868603,0.1513094,0.2711601,0.3485505,0.2062897
0.07235522,0.04873118,0.3919493,0.2328133,0.1152984,0.2699008,0.3473954,0.2015754
0.07235522,0.04567417,0.3898273,0.1706592,0.1200181,0.2684526,0.3460669,0.196154
0.07102816,0.04215861,0.3873871,0.2233285,0.1187601,0.2667873,0.3445391,0.1899194
0.06950203,0.03811572,0.3845809,0.2211572,0.1173134,0.2648721,0.3427822,0.1827495
0.06774698,0.03346639,0.3813537,0.2186602,0.1156497,0.2626696,0.3407618,0.1745043
0.06572869,0.02811966,0.3776424,0.3134885,0.149285,0.2601368,0.3384382,0.1650221
0.06340764,0.02197092,0.4878545,0.3113172,0.148027,0.2767739,0.3357662,0.1541177
0.06073844,0.01489987,0.48625,0.3088202,0.1833126,0.3626673,0.3326933,0.1415777
0.07008613,0.8641025,0.4844049,0.3059486,0.1820546,0.361408,0.3291595,0.1271566
0.07008613,0.8641025,0.4822829,0.3026463,0.1806079,0.3599599,0.3250957,0.1344747
0.3052309,0.8627808,0.4798427,0.2988487,0.1789441,0.3582945,0.3204223,0.1773529
0.3039039,0.861261,0.4770365,0.4583593,0.1770309,0.3563793,0.3150478,0.1750091
0.3023778,0.8595131,0.4738093,0.4583593,0.1748306,0.3541768,0.3088672,0.1723136
0.3006227,0.8575031,0.470098,0.4583593,0.1723002,0.351644,0.3017595,0.1692139
0.2986044,0.8551915,0.4658301,0.4583593,0.1693904,0.3487313,0.2935856,0.1656493
0.2962834,0.8525333,0.4609219,0.456188,0.166044,0.3453816,0.2841857,0.1615499
0.2936142,0.8494763,0.4552775,0.453691,0.1621957,0.3415295,0.2733757,0.1568356
0.2905446,0.8459607,0.4487865,0.4508194,0.1577701,0.3370996,0.2609443,0.1514142
0.2870146,0.8419178,0.4413218,0.4475172,0.1526807,0.3320052,0.2466482,0.1451796
0.2829551,0.8372685,0.4327374,0.4437195,0.1468279,0.3261466,0.2302077,0.1380097
0.2782866,0.8319218,0.4228654,0.4393523,0.1400972,0.3194093,0.211301,0.1297644
0.2729179,0.8257731,0.4115126,0.4343299,0.1323569,0.3116613,0.1895584,0.1202823
0.2667439,0.818702,0.3984568,0.4285541,0.1234555,0.3027511,0.1645544,0.1093779
0.2596438,0.8105703,0.3834426,0.4219121,0.1132189,0.2925044,0.1357998,0.09683784
0.2514786,0.8012189,0.3661763,0.4142737,0.1014468,0.2807207,0.102732,0.08241676
0.2420887,0.7904647,0.3463202,0.4054895,0.08790893,0.2671695,0.06470398,0.06583251
0.2312903,0.7780975,0.3234855,0.3953877,0.07234035,0.2515856,0.0209718,0.04676063
0.2188721,0.763875,0.2972257,0.3837707,0.1411624,0.323476,0.2737899,0.3320828
0.2045912,0.7475193,0.2670269,0.3704111,0.1399044,0.3222167,0.2727854,0.329739
0.1881682,0.7287101,0.2322983,0.3550476,0.1384577,0.3207686,0.2716302,0.3270436
0.1692817,0.7070796,0.269143,0.3373795,0.1367939,0.3191032,0.2703017,0.3239439
0.1475623,0.6822045,0.269143,0.3170612,0.1348806,0.317188,0.268774,0.3203792
0.1225849,0.6535982,0.3837103,0.5297205,0.1326804,0.3149855,0.2670171,0.3162799
0.09386094,0.6207009,0.3821058,0.5275492,0.13015,0.3124527,0.3441536,0.3115655
0.06082837,0.5828691,0.3802607,0.5250522,0.1357548,0.30954,0.3431491,0.3061441
0.02284092,0.5393624,0.3781388,0.5221806,0.1344968,0.3061903,0.3419939,0.2999095
0.03109428,0.4893298,0.3756985,0.5188783,0.1330501,0.3023382,0.3406654,0.2927397
0.02976722,0.4317922,0.3728923,0.5150807,0.1313863,0.2979083,0.3391377,0.2844944
0.02824109,0.3656241,0.3696651,0.5632138,0.129473,0.2928139,0.3373807,0.2750123
0.02648605,0.2895307,0.3659538,0.5610425,0.1272728,0.2869553,0.3353603,0.2641079
0.03314297,0.2020233,0.4208828,0.5585455,0.4656461,0.6370671,0.3330368,0.2515678
0.1710317,0.2847596,0.8399473,0.6365522,0.5532108,0.833625,0.8111197,0.8007426
0.1710317,0.2847596,0.8399473,0.6365522,0.5532108,0.833625,0.8111197,0.8007426
0.1697046,0.2834379,0.8383428,0.6343809,0.5519528,0.8323658,0.8101152,0.7983988
0.1681785,0.281918,0.8364977,0.631884,0.5505061,0.8309176,0.80896,0.7957034
0.1664235,0.2801702,0.8343757,0.6290124,0.5488423,0.8292522,0.8076315,0.7926037
0.1644052,0.2781602,0.8319355,0.6257101,0.546929,0.827337,0.8061037,0.789039
0.1620841,0.2758486,0.8291293,0.6219125,0.5447288,0.8251346,0.8043468,0.7849396
0.1594149,0.2731903,0.8259021,0.6175452,0.5421984,0.8226018,0.8023263,0.7802253
0.1563454,0.2701333,0.8221909,0.6125228,0.5392886,0.8196891,0.8000028,0.7748039
0.1528153,0.2666178,0.8179229,0.6067471,0.5359422,0.8163394,0.7973307,0.7685693
0.1487558,0.2625749,0.8130147,0.600105,0.5320939,0.8124873,0.7942579,0.7613994
0.1440874,0.2579256,0.8073704,0.5924667,0.5276684,0.8080574,0.7907242,0.7531542
0.1387186,0.2525788,0.8008794,0.5836825,0.522579,0.802963,0.7866603,0.7436721
0.1325446,0.2464301,0.7934147,0.5735807,0.5167262,0.7971044,0.7819869,0.7327677
0.1254445,0.2393591,0.7848303,0.5619637,0.5099955,0.790367,0.7766124,0.7202276
0.1172793,0.2312273,0.7749583,0.5486041,0.5022551,0.7826191,0.7704318,0.7058065
0.1078894,0.2218759,0.7636054,0.5332406,0.4933538,0.7737089,0.7633241,0.6892223
0.09709102,0.2111217,0.7505497,0.5155725,0.4831172,0.7634622,0.7551503,0.6701504
0.08467285,0.1987544,0.7355356,0.4952542,0.4713451,0.7516786,0.7457504,0.6482177
0.07039195,0.184532,0.7182693,0.4718882,0.4578072,0.7381274,0.7349404,0.6229951
0.05396893,0.1681762,0.6984131,0.4450173,0.4422386,0.7225434,0.722509,0.5939892
0.03508245,0.1493671,0.6755784,0.4141157,0.4243348,0.7046219,0.7082129,0.5606324
0.013363,0.1277366,0.6493186,0.4718453,0.4037454,0.6840122,0.6917723,0.5222721
0.02014984,0.1028615,0.6191198,0.469674,0.3800675,0.6603109,0.6728657,0.4781576
0.02014984,0.07425518,0.5843912,0.467177,0.352838,0.6330546,0.651123,0.427426
0.02951762,0.0413579,0.5444533,0.4827268,0.321524,0.6017097,0.6261191,0.3690847
0.5023468,0.6163778,0.4985247,0.4805555,0.285513,0.5656632,0.5973644,0.5698508
0.9523634,0.6150562,0.4457068,0.4780585,0.2441003,0.5242096,0.5642966,0.567507
0.9510364,0.6135363,0.3849662,0.4751869,0.1964757,0.476538,0.5262687,0.5648116
0.9495103,0.6117884,0.3151145,0.4718846,0.1417074,0.4217157,0.4825365,0.5617118
0.9477552,0.6097784,0.2347851,0.468087,0.07872386,0.3586701,0.4322445,0.5581472
0.9457369,0.6074669,0.1424063,0.4637197,0.1135499,0.2861675,0.3744087,0.5540478
0.9434159,0.6048086,0.03617068,0.4586973,0.1382252,0.2027896,0.3078975,0.5493336
0.9407467,0.6017516,0.1116122,0.4529216,0.1382252,0.1069051,0.2314096,0.5439121
0.9376771,0.598236,0.678966,0.7688388,0.6270016,0.3751749,0.1434486,0.5376775
0.9341471,0.5941932,0.6773615,0.7666674,0.6257436,0.5113536,0.4209283,0.5387844
0.9300876,0.5895438,0.6755164,0.7641705,0.6242969,0.5100943,0.4199238,0.5364406
0.9254192,0.5841972,0.6733944,0.7612989,0.6226332,0.5086461,0.4187686,0.5337452
0.9200504,0.5780484,0.6709542,0.7579966,0.6207199,0.5069808,0.4174401,0.5306454
0.9138764,0.5709773,0.668148,0.754199,0.6185196,0.5050656,0.4159123,0.5270808
0.9067763,0.5628456,0.6649208,0.7498317,0.6159893,0.5028631,0.4141554,0.5229814
0.8986111,0.5534942,0.6612096,0.7448093,0.6130794,0.5003303,0.412135,0.5182672
0.8892213,0.54274,0.6569416,0.7390336,0.609733,0.4974176,0.4098115,0.5128457
0.8784229,0.5303727,0.6520335,0.7323915,0.6058848,0.4940679,0.4071394,0.5066111
0.8660048,0.5161504,0.6463891,0.7247531,0.6014592,0.4902158,0.4040666,0.4994412
0.8517238,0.4997946,0.6398981,0.715969,0.5963699,0.4857859,0.4005328,0.491196
0.8353008,0.4809855,0.6324334,0.7058672,0.590517,0.4806915,0.3964689,0.4817139
0.8164143,0.459355,0.623849,0.6942502,0.5837863,0.4748329,0.3917955,0.4708095
0.7946948,0.4344799,0.613977,0.6808906,0.576046,0.4680955,0.3864211,0.4582694
0.7697175,0.4058736,0.6026242,0.6655271,0.5671446,0.4603476,0.3802404,0.4438483
0.7409935,0.3729763,0.5895684,0.647859,0.5569081,0.4514374,0.3731328,0.4272641
0.707961,0.3351444,0.5745543,0.6275408,0.545136,0.4411907,0.3649589,0.4081922
0.6699735,0.2916378,0.557288,0.6041747,0.5315981,0.429407,0.5127288,0.5919885
0.6262879,0.2416051,0.5374318,0.5773038,0.5160295,0.4158558,0.5127288,0.5919885
0.5760496,0.1840676,0.5145971,0.5464023,0.4981257,0.4002719,0.5117243,0.5896447
0.5182754,0.1178994,0.4883373,0.5108655,0.4775363,0.3823504,0.5105691,0.5869493
0.4518351,0.04180601,0.4581385,0.4699983,0.4538584,0.3617406,0.5092406,0.5838495
0.3754288,-0.04570139,0.4234099,0.4230009,0.4266289,0.3380394,0.5077128,0.5802849
0.2875615,0.0199571,0.383472,0.3689539,0.3953149,0.3842994,0.5059559,0.5761855
0.1865142,0.02782951,0.3375434,0.3067998,0.3593039,0.3830402,0.5039355,0.5714712
0.07030974,0.02650788,0.2847255,0.2353227,0.3178912,0.381592,0.501612,0.5660498
-0.06332537,0.02498801,0.2239849,0.3072302,0.2702666,0.3799267,0.4989399,0.5598152
0.007108383,0.02324015,0.1541332,0.3334071,0.2154983,0.3780115,0.4958671,0.5526453
0.005781319,0.02123011,0.07380383,0.3312358,0.1525148,0.375809,0.4923333,0.5444
0.02844986,0.02229377,-0.01857498,0.3287387,0.08008371,0.3732762,0.4882695,0.534918
0.02844986,0.02229377,0.06181301,0.3258672,0.1165743,0.3703634,0.4835961,0.5240136
0.02712279,0.0362136,0.2860108,0.554204,0.4463608,0.8288074,0.4782216,0.5114735
0.02559666,0.0362136,0.2860108,0.554204,0.4463608,0.8288074,0.472041,0.4970524
0.1099765,0.2317654,0.4196876,0.6461218,0.9089978,0.9922857,0.7593873,0.706915
0.1132804,0.2304438,0.4180831,0.9114835,0.9077397,0.9910265,0.7583827,0.7045712
0.1119533,0.2289239,0.416238,0.9093121,0.906293,0.9895783,0.7572275,0.7018758
0.1104272,0.2271761,0.414116,0.9068152,0.9046292,0.987913,0.7558991,0.6987761
0.1086721,0.225166,0.4116758,0.9039436,0.902716,0.9859977,0.7543713,0.6952114
0.1066538,0.2228545,0.4088695,0.9006413,0.9005157,0.9837953,0.7526144,0.691112
0.1043328,0.2201962,0.4056423,0.8968437,0.8979854,0.9812625,0.750594,0.6863978
0.1016636,0.2171392,0.4019311,0.8924765,0.8950756,0.9783497,0.7482705,0.6809763
0.09859401,0.2136236,0.3976631,0.8874542,0.8917292,0.9750001,0.7455984,0.6747417
0.09506399,0.2095807,0.3927549,0.8816784,0.8878809,0.971148,0.7425255,0.6675718
0.09100447,0.2049314,0.3871106,0.8750364,0.8834553,0.9667181,0.7389917,0.6593266
0.08633602,0.1995847,0.3806196,0.867398,0.8783659,0.9616237,0.734928,0.6498445
0.0809673,0.1934359,0.3731549,0.8586138,0.8725131,0.9557651,0.7302545,0.6389401
0.07479328,0.1863649,0.3645705,0.8485121,0.8657824,0.9490277,0.72488,0.6264
0.06769315,0.1782332,0.3546984,0.836895,0.8580421,0.9412798,0.7186995,0.6119789
0.059528,0.1688817,0.3433456,0.8235354,0.8491407,0.9323696,0.7115917,0.5953947
0.05013809,0.1581275,0.3302898,0.8081719,0.8389041,0.922123,0.7034179,0.5763229
0.03933968,0.1457602,0.3152757,0.7905039,0.8271321,0.9103393,0.694018,0.5543902
0.02692151,0.1315378,0.2980094,0.7701856,0.8135942,0.8967881,0.683208,0.5291676
0.01264062,0.1151821,0.2781532,0.7468196,0.7980256,0.8812041,0.6707767,0.5001616
0.01570526,0.09637292,0.2553186,0.7199486,0.7801217,0.8632826,0.6564805,0.4668048
0.0143782,0.07474243,0.2290587,0.6890472,0.7595323,0.8426729,0.6400399,0.4284445
0.01285207,0.04986735,0.1988599,0.6535103,0.7358544,0.8189716,0.6211333,0.3843301
0.01109703,0.02126102,0.1641313,0.6126431,0.7086249,0.7917153,0.5993907,0.3335985
0.3848158,1,0.6273153,0.5656457,0.677311,0.7603704,0.5743867,0.2752572
0.8002843,0.9986848,0.6257108,0.5115987,0.6413,0.7243239,0.5456321,0.2081647
0.8002843,0.9971723,0.6238657,0.4494447,0.5998873,0.6828703,0.5125642,0.1310083
0.7989572,0.9954329,0.6217437,0.3779675,0.5522627,0.6351987,0.4745363,0.04227848
0.7974311,0.9934327,0.6193035,0.2957688,0.4974944,0.5803764,0.4308041,0.0596905
0.795676,0.9911324,0.6164973,0.3096142,0.4345109,0.5173308,0.3805121,0.0596905
0.7936577,0.9884871,0.6132701,0.3230874,0.3620798,0.4448282,0.3226763,0.08197507
0.7913367,0.985445,0.6095588,0.3209161,0.278784,0.3614503,0.2561651,0.08916974
0.7886675,0.9819465,0.6052909,0.318419,0.182994,0.2655658,0.1796772,0.09599523
0.785598,0.9779232,0.6003827,0.3155475,0.226135,0.1552985,0.09171624,0.09599523
0.7820679,0.9732965,0.5947384,0.3122452,0.224877,0.2036206,0.1404376,0.1001474
0.7780084,0.9679759,0.5882474,0.3084476,0.2567038,0.4384522,0.3801272,0.5265558
0.77334,0.961857,0.5807827,0.353099,0.2554457,0.437193,0.3791227,0.5242119
0.7679713,0.9548203,0.5721983,0.3509277,0.253999,0.4357448,0.3779675,0.5215166
0.7617972,0.9467282,0.5623263,0.3484307,0.2523353,0.4340794,0.376639,0.5184168
0.7546971,0.9374222,0.5509734,0.3455592,0.250422,0.4321643,0.3751113,0.5148522
0.746532,0.9267203,0.5379176,0.3422569,0.2482217,0.4299618,0.3733543,0.5107528
0.7371421,0.9144132,0.5229035,0.3384593,0.2456914,0.427429,0.3713339,0.5060385
0.7263437,0.9002599,0.5056372,0.334092,0.2487102,0.4245162,0.3690104,0.5006171
0.7139255,0.8839837,0.485781,0.3290696,0.2474521,0.4211666,0.3663383,0.4943825
0.6996447,0.865266,0.4629464,0.3232939,0.2460054,0.4173145,0.3632655,0.4872126
0.6832216,0.8437407,0.4366865,0.3166518,0.2443417,0.4128846,0.3597317,0.4789674
0.6643351,0.8189865,0.4064878,0.3090134,0.2424284,0.4077902,0.3556678,0.4694853
0.6426157,0.7905193,0.3717591,0.3002293,0.2402281,0.4019316,0.3509944,0.4585808
0.6176383,0.757782,0.3318212,0.2901275,0.2376978,0.3951942,0.3456199,0.4460408
0.5889143,0.7201341,0.2858926,0.2785105,0.2347879,0.3874462,0.3394393,0.4316197
0.5558818,0.6768391,0.2330747,0.2651509,0.2314415,0.3785361,0.3323317,0.4150355
0.5178943,0.6270497,0.1723341,0.2497873,0.2275932,0.3682894,0.3241578,0.3959635
0.4742088,0.5697919,0.1024825,0.2321193,0.2231677,0.3565057,0.3147579,0.3740309
0.4239704,0.5039455,0.02215307,0.2390997,0.2180783,0.3429545,0.3039479,0.3488083
0.3661962,0.4282221,0.08406895,0.2369284,0.2122255,0.3273705,0.2915165,0.3198024
0.299756,0.3411402,0.1422872,0.2344314,0.2054947,0.309449,0.2772204,0.2864455
0.2233496,0.2409961,0.1543032,0.2398949,0.1977544,0.2888393,0.3322431,0.2480852
0.1354824,0.1258303,0.6215662,0.6849906,0.5215865,0.3983627,0.3312386,0.2039708
0.2987909,0.7864255,0.6199617,0.6828194,0.5203284,0.3971034,0.3300834,0.1532392
0.2987909,0.7864255,0.6181166,0.6803223,0.5188817,0.3956553,0.3287549,0.09489788
0.4505933,0.7851103,0.6159946,0.6774508,0.5172179,0.3939899,0.3272271,0.1115061
0.4505933,0.7835978,0.6135544,0.6741485,0.5153047,0.3920747,0.3254702,0.1115061
0.5318501,0.7818585,0.6107482,0.6703508,0.5131044,0.3898723,0.3234498,0.1091623
0.5305231,0.7798582,0.607521,0.6659836,0.5105741,0.3873394,0.3211263,0.1064669
0.5289969,0.777558,0.6038097,0.6609612,0.5076642,0.3844267,0.3184542,0.1033672
0.5272419,0.7749126,0.5995417,0.6932048,0.6004047,1,1,0.9926685
0.5252236,0.7718705,0.5946336,0.6932048,0.6004047,1,1,0.9926685
0.5229025,0.768372,0.5889892,0.6910335,0.5991467,0.9987631,0.9990009,0.9903246
0.5202333,0.7643488,0.5824982,0.6885365,0.5977,0.9973406,0.9978519,0.9876292
0.5171638,0.7597221,0.5750335,0.685665,0.5960363,0.9957048,0.9965307,0.9845295
0.5136337,0.7544014,0.5664491,0.6823627,0.594123,0.9938236,0.9950112,0.9809648
0.5095742,0.7482825,0.5565771,0.678565,0.5919227,0.9916602,0.9932638,0.9768655
0.5049058,0.7412459,0.5452242,0.6741978,0.5893924,0.9891723,0.9912543,0.9721512
0.4995371,0.7331537,0.5321684,0.6691754,0.5864825,0.9863113,0.9889433,0.9667299
0.493363,0.7238477,0.5171543,0.6633997,0.5831361,0.9830211,0.9862858,0.9604952
0.4862629,0.7131459,0.499888,0.6567576,0.5792879,0.9792373,0.9832296,0.9533254
0.4780977,0.7008387,0.4800318,0.6491193,0.5748623,0.9748861,0.979715,0.9450801
0.4687078,0.6866855,0.4571972,0.6403351,0.569773,0.9698821,0.9756732,0.935598
0.4579094,0.6704093,0.4309374,0.6302333,0.5639201,0.9641275,0.9710251,0.9246936
0.4454913,0.6516916,0.4007386,0.6186163,0.5571894,0.9575097,0.9656798,0.9121535
0.4312104,0.6301662,0.36601,0.6052567,0.5494491,0.9498993,0.9595327,0.8977325
0.4147873,0.6054121,0.326072,0.5898932,0.5405477,0.9411473,0.9524636,0.8811483
0.3959009,0.5769449,0.2801434,0.5722252,0.5303112,0.9310825,0.9443341,0.8620764
0.3741814,0.5442076,0.2273255,0.5519069,0.5185391,0.919508,0.9349852,0.8401437
0.3492041,0.5065597,0.166585,0.5285408,0.5050012,0.9061972,0.9242339,0.8149211
0.3204801,0.4632646,0.0967333,0.5016699,0.4894326,0.8908899,0.9118699,0.7859152
0.2874475,0.4134752,0.1233397,0.4707684,0.4715288,0.8732865,0.8976513,0.7525584
0.2494601,0.3562175,0.1217352,0.4352316,0.4509394,0.8530426,0.8813,0.714198
0.2057745,0.2903711,0.1198901,0.3943644,0.4272615,0.829762,0.862496,0.6700836
0.1555361,0.2146477,0.1177681,0.347367,0.400032,0.8029895,0.8408713,0.619352
0.09776195,0.1275658,0.1153279,0.2933199,0.368718,0.772201,0.816003,0.5610107
0.03132167,0.02742162,0.1125217,0.2311659,0.332707,0.7367943,0.7874044,0.4939182
-0.04508465,-0.08774417,0.1092945,0.1596888,0.2912943,0.6960765,0.7545159,0.4167618
0.02850199,0.009960912,0.1055832,0.07749005,0.2436697,0.6492511,0.7166943,0.328032
0.02717493,0.008645709,0.1013153,0.1205508,0.1889014,0.5954019,0.6731994,0.2259927
0.0256488,0.007133225,0.0964071,0.1205508,0.1259179,0.5334753,0.6231803,0.1086475
0.02389376,0.005393868,0.09076273,0.1183795,0.05348681,0.4622596,0.5656582,-0.02629947
0.03220617,0.008741648,0.1133483,0.1158825,0.0717545,0.3803617,0.4995079,0.03464039
0.04548056,0.01460738,0.1183913,0.1249856,0.09790389,0.286179,0.4234351,0.04365019
0.3689444,0.7964729,0.1805491,0.1228143,0.1338489,0.177869,0.3359513,0.04883046
0.3689444,0.7964729,0.1805491,0.1203173,0.1338489,0.05331248,0.235345,0.04883046
0.6059293,0.7951577,0.1789446,0.1174457,0.2040718,0.5212748,0.4451755,0.5636272
0.6046022,0.7936452,0.1770994,0.1266938,0.2028138,0.5200378,0.4441764,0.5612833
0.603076,0.7919059,0.1749775,0.1266938,0.2013671,0.5186154,0.4430275,0.558588
0.601321,0.7899056,0.1725373,0.1245225,0.1997033,0.5169796,0.4417062,0.5554882
0.5993027,0.7876053,0.1697311,0.1220255,0.19779,0.5150984,0.4401868,0.5519236
